Bag_1+1,Corel3vs5_data_1,1,6.507408e+00,-1.575464e+00,-1.740767e+00,6.765971e-01,5.449377e-01,3.888617e-01,5.265258e-02,5.678634e-02,5.724640e-02
Bag_1+2,Corel3vs5_data_1,1,2.972592e+00,9.049149e-02,1.017845e+00,8.908794e+00,1.007102e+01,5.951670e+00,2.413685e-01,1.659658e-01,1.135601e-01
Bag_1+3,Corel3vs5_data_1,1,6.627816e+00,6.545004e-01,1.656088e+00,8.006792e+00,7.615286e+00,4.181445e+00,1.987229e-02,1.430246e-02,3.343308e-02
Bag_2+1,Corel3vs5_data_2,1,2.523201e+00,3.168821e-02,2.663818e-01,6.948732e+00,6.844070e+00,3.605231e+00,6.902869e-02,5.092875e-02,5.067010e-02
Bag_2+2,Corel3vs5_data_2,1,8.321268e+00,-8.131906e-01,-3.688083e-01,1.664650e+00,1.613689e+00,9.684096e-01,1.635471e-01,1.041232e-01,7.298077e-02
Bag_2+3,Corel3vs5_data_2,1,5.623016e+00,1.174610e-01,5.050333e-01,8.957954e+00,8.787789e+00,4.353199e+00,7.932695e-02,4.199187e-02,4.344482e-02
Bag_3+1,Corel3vs5_data_3,1,4.716778e+00,-7.544677e-02,1.132522e+00,9.886475e+00,1.100667e+01,7.144153e+00,9.596560e-02,7.455373e-02,6.725168e-02
Bag_3+2,Corel3vs5_data_3,1,7.944196e+00,-1.260803e+00,-3.022193e+00,4.741133e-01,5.736163e-01,2.623495e-01,4.185297e-02,2.994188e-02,4.025174e-02
Bag_3+3,Corel3vs5_data_3,1,7.554089e+00,3.592632e-01,6.293980e-01,6.808902e+00,8.511499e+00,4.491556e+00,6.931432e-02,4.851360e-02,4.889752e-02
Bag_4+1,Corel3vs5_data_4,1,3.436889e+00,4.967247e-01,7.522250e-01,1.027997e+01,9.300339e+00,5.799697e+00,1.545008e-01,8.506095e-02,6.310363e-02
Bag_4+2,Corel3vs5_data_4,1,7.194800e+00,8.629098e-01,1.397976e+00,8.146272e+00,7.605289e+00,4.279925e+00,1.694110e-02,1.001174e-02,3.143831e-02
Bag_4+3,Corel3vs5_data_4,1,7.786070e+00,-1.516525e+00,-2.736617e+00,1.725247e+00,1.193943e+00,7.585635e-01,1.447162e-01,1.482092e-01,1.139559e-01
Bag_5+1,Corel3vs5_data_5,1,4.451598e+00,5.753742e-01,6.210508e-01,1.111351e+01,1.327618e+01,7.507521e+00,1.523315e-01,8.776548e-02,6.279819e-02
Bag_5+2,Corel3vs5_data_5,1,7.035751e+00,-2.144514e+00,-4.494705e+00,4.899189e-01,2.600667e-01,2.892767e-01,1.073936e-02,1.553320e-02,3.490597e-02
Bag_5+3,Corel3vs5_data_5,1,7.475155e+00,8.378514e-01,9.616926e-01,6.982107e+00,6.769526e+00,4.439264e+00,-1.504389e-02,-7.277900e-03,2.491850e-02
Bag_6+1,Corel3vs5_data_6,1,4.041300e+00,1.781845e-01,4.178961e-01,1.270389e+01,1.273251e+01,7.597723e+00,3.061184e-01,2.129403e-01,1.452674e-01
Bag_6+2,Corel3vs5_data_6,1,6.402683e+00,-1.900093e+00,-4.749325e+00,7.169316e-01,4.995237e-01,4.613059e-01,9.164871e-02,5.158088e-02,4.787536e-02
Bag_6+3,Corel3vs5_data_6,1,7.787897e+00,3.025550e-01,4.004919e-01,8.615200e+00,8.280003e+00,4.967610e+00,1.345824e-02,1.324920e-02,3.419661e-02
Bag_7+1,Corel3vs5_data_7,1,2.219611e+00,1.223977e-01,4.730438e-01,5.555525e+00,6.987600e+00,3.652126e+00,2.447191e-01,1.568853e-01,1.034384e-01
Bag_7+2,Corel3vs5_data_7,1,5.974606e+00,7.585487e-01,1.645889e+00,6.618445e+00,6.677588e+00,3.484164e+00,2.250402e-01,1.207624e-01,7.495633e-02
Bag_7+3,Corel3vs5_data_7,1,5.149900e+00,-1.951253e+00,-4.404527e+00,3.150028e+00,2.859162e+00,1.649584e+00,5.525582e-01,5.201079e-01,4.100744e-01
Bag_7+4,Corel3vs5_data_7,1,7.995259e+00,3.849658e-01,5.275706e-01,6.020746e+00,6.073688e+00,3.343440e+00,5.934461e-02,3.055613e-02,3.855806e-02
Bag_8+1,Corel3vs5_data_8,1,2.542379e+00,2.830410e-01,2.974843e-01,3.962820e+00,5.304212e+00,2.486712e+00,1.328251e-01,1.003390e-01,7.784878e-02
Bag_8+2,Corel3vs5_data_8,1,8.861399e+00,3.036487e-01,4.742134e-01,1.663082e+00,3.335384e+00,1.046518e+00,1.141865e-01,5.348741e-02,4.553322e-02
Bag_8+3,Corel3vs5_data_8,1,5.860591e+00,7.875134e-01,1.062433e+00,4.334944e+00,7.221762e+00,2.133249e+00,9.843105e-02,6.117961e-02,5.420607e-02
Bag_9+1,Corel3vs5_data_9,1,7.683913e+00,5.061125e-01,8.059259e-01,2.523498e+00,5.972569e+00,1.521193e+00,3.652038e-02,1.639441e-02,3.279719e-02
Bag_9+2,Corel3vs5_data_9,1,3.531592e+00,3.083748e-01,9.951553e-01,4.274885e+00,4.896995e+00,2.179551e+00,1.086182e-01,5.497898e-02,4.711631e-02
Bag_10+1,Corel3vs5_data_10,1,4.303162e+00,-1.642643e-01,-8.734406e-01,4.970176e+00,5.108167e+00,2.868314e+00,3.588502e-02,1.870467e-02,3.428803e-02
Bag_10+2,Corel3vs5_data_10,1,8.867701e+00,3.232116e-01,7.587807e-01,3.630632e+00,3.663505e+00,2.012563e+00,2.513067e-01,1.413537e-01,8.298017e-02
Bag_10+3,Corel3vs5_data_10,1,6.212296e+00,3.615534e-01,6.512739e-01,7.949217e+00,7.417377e+00,4.251473e+00,1.437233e-01,7.520827e-02,5.526876e-02
Bag_11+1,Corel3vs5_data_11,1,4.100476e+00,1.765743e-01,5.989573e-01,7.899566e+00,7.879249e+00,4.440082e+00,1.341963e-01,7.922136e-02,5.907980e-02
Bag_11+2,Corel3vs5_data_11,1,8.870383e+00,-4.373149e-02,2.860264e-02,3.363890e+00,3.002594e+00,1.776294e+00,2.637989e-01,1.670619e-01,1.040341e-01
Bag_11+3,Corel3vs5_data_11,1,6.765775e+00,5.272364e-01,1.765163e+00,8.467267e+00,7.636159e+00,4.441989e+00,2.920168e-02,2.623361e-02,3.967824e-02
Bag_12+1,Corel3vs5_data_12,1,2.677798e+00,1.577340e-01,2.764415e-01,7.393935e+00,7.402224e+00,4.837366e+00,1.972747e-01,1.318526e-01,9.061775e-02
Bag_12+2,Corel3vs5_data_12,1,6.103784e+00,5.257706e-01,5.830873e-01,1.331161e+01,1.012424e+01,6.420898e+00,1.614292e-01,9.718946e-02,7.014467e-02
Bag_12+3,Corel3vs5_data_12,1,4.920574e+00,-2.107607e+00,-5.227414e+00,1.856341e+00,1.265835e+00,8.888363e-01,3.886695e-01,2.989391e-01,1.998425e-01
Bag_12+4,Corel3vs5_data_12,1,8.581788e+00,3.772161e-01,1.893415e-01,6.502512e+00,5.646015e+00,3.619204e+00,1.083963e-01,5.377940e-02,4.738583e-02
Bag_13+1,Corel3vs5_data_13,1,2.366602e+00,1.257314e-01,-3.083777e-02,4.926803e+00,4.559725e+00,2.700511e+00,2.496730e-02,4.899422e-02,7.264163e-02
Bag_13+2,Corel3vs5_data_13,1,7.267903e+00,8.469885e-01,2.262241e+00,8.484489e+00,7.586841e+00,5.536445e+00,1.434279e-01,8.698598e-02,6.431225e-02
Bag_13+3,Corel3vs5_data_13,1,5.180759e+00,3.072281e-01,1.616487e+00,1.022637e+01,1.074421e+01,6.959258e+00,7.612028e-02,4.147903e-02,4.331409e-02
Bag_13+4,Corel3vs5_data_13,1,8.096215e+00,2.282580e-01,3.688267e-01,3.996726e+00,4.787529e+00,2.488595e+00,2.581918e-01,1.414410e-01,8.922512e-02
Bag_14+1,Corel3vs5_data_14,1,4.207218e+00,-6.730218e-03,1.553254e-01,1.031603e+01,1.085899e+01,5.613572e+00,2.493489e-01,1.958840e-01,1.558861e-01
Bag_14+2,Corel3vs5_data_14,1,4.869938e+00,-2.358108e+00,-4.409903e+00,5.044448e-01,5.263130e-01,3.264709e-01,-1.875195e-02,-1.153644e-02,2.315046e-02
Bag_14+3,Corel3vs5_data_14,1,7.817220e+00,2.527941e-01,4.122696e-01,5.818569e+00,7.823893e+00,3.079062e+00,8.322432e-02,6.597347e-02,6.553718e-02
Bag_15+1,Corel3vs5_data_15,1,3.731285e+00,-9.695281e-02,-1.666667e-02,6.103780e+00,9.450911e+00,3.760695e+00,1.530807e-01,9.276178e-02,6.595258e-02
Bag_15+2,Corel3vs5_data_15,1,6.282454e+00,-2.022632e+00,-4.623489e+00,6.801391e-01,1.097381e+00,4.486316e-01,4.578449e-02,2.688882e-02,3.797819e-02
Bag_15+3,Corel3vs5_data_15,1,7.703954e+00,2.330054e-01,1.511429e-01,5.162577e+00,1.121980e+01,3.652622e+00,1.702826e-01,9.893342e-02,6.854953e-02
Bag_16+1,Corel3vs5_data_16,1,3.102554e+00,-1.016584e-01,6.630075e-01,7.686725e+00,7.764263e+00,5.175036e+00,2.564797e-02,2.254780e-02,3.863657e-02
Bag_16+2,Corel3vs5_data_16,1,6.326855e+00,-2.234526e+00,-4.733823e+00,3.208241e-01,2.476321e-01,1.991822e-01,-1.583986e-02,2.030042e-04,2.907258e-02
Bag_16+3,Corel3vs5_data_16,1,7.512321e+00,6.104655e-01,1.076098e+00,6.943059e+00,7.780923e+00,3.623461e+00,4.073162e-02,2.167632e-02,3.491229e-02
Bag_16+4,Corel3vs5_data_16,1,7.670124e+00,-1.613698e+00,-3.343858e+00,9.557828e-01,7.881247e-01,6.059001e-01,-2.605900e-02,-6.995748e-03,2.689107e-02
Bag_17+1,Corel3vs5_data_17,1,3.603090e+00,2.066734e-01,5.164465e-01,1.045937e+01,7.239452e+00,4.827522e+00,1.040165e-01,6.850357e-02,5.597411e-02
Bag_17+2,Corel3vs5_data_17,1,8.221042e+00,3.572654e-01,3.084816e-01,8.804535e+00,5.283020e+00,3.511344e+00,4.895495e-02,2.349958e-02,3.573094e-02
Bag_17+3,Corel3vs5_data_17,1,4.557252e+00,-2.009794e+00,-5.373714e+00,1.571602e+00,4.264894e-01,4.785247e-01,1.920346e-01,2.184299e-01,1.678718e-01
Bag_18+1,Corel3vs5_data_18,1,3.157218e+00,3.776099e-01,5.800172e-01,7.540562e+00,7.017718e+00,4.470559e+00,1.481813e-01,6.908742e-02,4.938023e-02
Bag_18+2,Corel3vs5_data_18,1,8.952291e+00,-5.970781e-01,-7.610572e-01,2.082738e+00,1.355621e+00,1.089799e+00,1.274567e-01,1.206408e-01,1.185796e-01
Bag_18+3,Corel3vs5_data_18,1,7.275542e+00,9.489676e-01,1.573079e+00,7.261882e+00,6.487664e+00,4.339422e+00,2.093435e-02,7.619006e-03,2.926173e-02
Bag_19+1,Corel3vs5_data_19,1,2.718416e+00,1.483691e-01,-4.657618e-01,5.865733e+00,5.450168e+00,2.922649e+00,3.653039e-02,6.142534e-02,9.949053e-02
Bag_19+2,Corel3vs5_data_19,1,5.831070e+00,9.579075e-01,1.325649e+00,1.489361e+01,8.532623e+00,5.266077e+00,2.889509e-01,2.052106e-01,1.371217e-01
Bag_19+3,Corel3vs5_data_19,1,7.802056e+00,-6.133798e-01,-2.229334e+00,1.530753e+00,1.460819e+00,9.562808e-01,6.540591e-02,7.109593e-02,6.473549e-02
Bag_19+4,Corel3vs5_data_19,1,8.346156e+00,1.460050e+00,6.022610e+00,4.119296e+00,3.864201e+00,2.005723e+00,4.943709e-02,5.544637e-02,5.638291e-02
Bag_19+5,Corel3vs5_data_19,1,4.044001e+00,1.338635e+00,1.127773e+00,1.761403e+01,7.736619e+00,5.129736e+00,2.815753e-01,2.473024e-01,1.768168e-01
Bag_19+6,Corel3vs5_data_19,1,7.581718e+00,5.519218e-01,5.986695e-01,9.562100e+00,7.833992e+00,4.696074e+00,1.896874e-01,1.489819e-01,1.139025e-01
Bag_20+1,Corel3vs5_data_20,1,3.699378e+00,1.366361e-01,5.979216e-01,7.508894e+00,7.037473e+00,3.544206e+00,9.755585e-02,6.438819e-02,6.280245e-02
Bag_20+2,Corel3vs5_data_20,1,8.033778e+00,-9.717215e-01,-2.732911e+00,7.117477e-01,4.461799e-01,3.527199e-01,7.865834e-03,2.224650e-02,4.207605e-02
Bag_20+3,Corel3vs5_data_20,1,7.488852e+00,8.931262e-01,1.157024e+00,7.274471e+00,7.103410e+00,3.369033e+00,-1.569812e-02,-3.494709e-05,2.961829e-02
Bag_21+1,Corel3vs5_data_21,1,5.234287e+00,4.918800e-01,2.261421e-01,1.049562e+01,1.183552e+01,6.938297e+00,5.597343e-01,5.492604e-01,4.694631e-01
Bag_21+2,Corel3vs5_data_21,1,5.893045e+00,-1.755734e+00,-5.230071e+00,4.416292e-01,6.155009e-01,2.891694e-01,1.294334e-02,1.725713e-03,2.766626e-02
Bag_21+3,Corel3vs5_data_21,1,8.348383e+00,2.370621e-01,-4.254056e-01,4.098935e+00,4.725175e+00,2.736137e+00,1.201325e-01,6.887794e-02,5.885515e-02
Bag_22+1,Corel3vs5_data_22,1,7.959332e+00,1.597813e-01,5.643020e-01,7.823063e+00,7.721041e+00,5.138330e+00,-4.527266e-02,-2.006440e-02,2.134103e-02
Bag_22+2,Corel3vs5_data_22,1,4.206823e+00,-2.019425e-01,1.035218e-02,1.205378e+01,1.276581e+01,7.991978e+00,3.148226e-02,2.366598e-02,3.744635e-02
Bag_23+1,Corel3vs5_data_23,1,4.912436e+00,8.315304e-01,9.620143e-01,8.468215e+00,7.714442e+00,4.090147e+00,4.336319e-02,4.556898e-02,5.645155e-02
Bag_23+2,Corel3vs5_data_23,1,7.213415e+00,-1.846358e+00,-4.130680e+00,3.624341e-01,1.107759e-01,1.036765e-01,1.184277e-01,1.343928e-01,1.079595e-01
Bag_23+3,Corel3vs5_data_23,1,7.593947e+00,7.963587e-01,7.277594e-01,7.868673e+00,5.343644e+00,3.167029e+00,6.938211e-03,8.842085e-03,3.259185e-02
Bag_23+4,Corel3vs5_data_23,1,7.655037e+00,-1.395092e+00,-3.364173e+00,2.580459e+00,1.771929e+00,1.477803e+00,1.962362e-01,2.402667e-01,1.979340e-01
Bag_24+1,Corel3vs5_data_24,1,2.550552e+00,-8.792354e-02,-1.778138e-02,7.494064e+00,8.250317e+00,6.007379e+00,2.519260e-01,1.597544e-01,9.899752e-02
Bag_24+2,Corel3vs5_data_24,1,6.780271e+00,5.593630e-01,2.690725e+00,5.363516e+00,4.911046e+00,2.956568e+00,1.828969e-02,1.474954e-02,3.512555e-02
Bag_24+3,Corel3vs5_data_24,1,4.451098e+00,-7.134107e-01,1.553131e+00,7.765126e+00,7.319684e+00,4.454813e+00,1.704034e-01,1.128662e-01,8.364595e-02
Bag_24+4,Corel3vs5_data_24,1,9.203537e+00,-1.309109e-02,2.873062e-03,2.470049e+00,2.837403e+00,1.777543e+00,5.306547e-03,4.709132e-03,2.994156e-02
Bag_25+1,Corel3vs5_data_25,1,3.463038e+00,-8.501427e-02,5.994787e-01,7.981732e+00,8.015914e+00,4.679210e+00,3.579021e-02,3.049748e-02,4.252565e-02
Bag_25+2,Corel3vs5_data_25,1,6.407064e+00,-1.909706e+00,-4.941609e+00,4.847690e-01,5.559791e-01,2.869096e-01,-2.859798e-02,-1.647992e-02,2.181673e-02
Bag_25+3,Corel3vs5_data_25,1,8.022448e+00,6.932076e-01,1.016987e+00,6.489620e+00,6.809872e+00,3.243803e+00,1.381444e-01,9.604540e-02,7.979398e-02
Bag_26+1,Corel3vs5_data_26,1,3.147765e+00,-1.630839e-01,1.592416e-02,6.626575e+00,5.354188e+00,3.298522e+00,1.219477e-01,1.380494e-01,1.607369e-01
Bag_26+2,Corel3vs5_data_26,1,5.880421e+00,1.258507e-01,1.683605e+00,6.733595e+00,6.091640e+00,3.704094e+00,1.086169e-01,5.940051e-02,5.056109e-02
Bag_26+3,Corel3vs5_data_26,1,5.794544e+00,-5.789984e-01,-4.940350e-01,4.431783e+00,3.350586e+00,2.069817e+00,1.712035e-01,9.800010e-02,6.679066e-02
Bag_26+4,Corel3vs5_data_26,1,8.512808e+00,1.988427e-01,1.299815e-01,5.165338e+00,3.947623e+00,2.476346e+00,1.462927e-01,8.449417e-02,6.479197e-02
Bag_27+1,Corel3vs5_data_27,1,4.314029e+00,2.718486e-02,-4.981842e-02,7.087206e+00,7.478139e+00,4.461550e+00,2.040553e-01,1.140009e-01,7.368713e-02
Bag_27+2,Corel3vs5_data_27,1,7.630630e+00,7.676234e-01,8.665571e-01,6.272188e+00,5.793941e+00,3.377754e+00,7.437102e-02,2.691026e-02,3.435438e-02
Bag_27+3,Corel3vs5_data_27,1,5.313693e+00,-2.160290e-01,2.266042e+00,8.499887e+00,8.602202e+00,5.758454e+00,1.032725e-01,7.446329e-02,6.520036e-02
Bag_27+4,Corel3vs5_data_27,1,8.922637e+00,-4.296137e-01,-9.738962e-01,5.288112e-01,4.453829e-01,3.172134e-01,4.015494e-03,1.766953e-02,3.709942e-02
Bag_28+1,Corel3vs5_data_28,1,2.306696e+00,2.071418e-01,-4.424162e-02,4.182168e+00,4.447519e+00,2.503417e+00,1.224818e-01,8.894765e-02,8.110369e-02
Bag_28+2,Corel3vs5_data_28,1,5.590318e+00,-1.988475e+00,-4.980246e+00,5.396460e-01,5.244896e-01,2.956108e-01,9.051173e-02,7.961123e-02,6.684191e-02
Bag_28+3,Corel3vs5_data_28,1,6.994176e+00,1.110335e+00,1.799623e+00,8.518071e+00,8.511726e+00,4.613480e+00,-1.339693e-02,-1.803379e-03,2.759011e-02
Bag_28+4,Corel3vs5_data_28,1,6.497985e+00,-1.690458e+00,-4.157955e+00,2.006863e+00,2.575237e+00,1.223194e+00,1.893197e-01,1.488203e-01,1.063606e-01
Bag_29+1,Corel3vs5_data_29,1,2.238724e+00,5.821647e-02,-5.605750e-01,4.406748e+00,4.555361e+00,2.365644e+00,4.635978e-03,8.647190e-03,3.282532e-02
Bag_29+2,Corel3vs5_data_29,1,6.737669e+00,-1.803514e+00,-4.103561e+00,8.622071e-01,9.066202e-01,5.628164e-01,4.708403e-02,4.833747e-02,6.004810e-02
Bag_29+3,Corel3vs5_data_29,1,5.039553e+00,9.049066e-01,1.574303e+00,1.074569e+01,1.167455e+01,6.618577e+00,3.085263e-01,2.009442e-01,1.231849e-01
Bag_29+4,Corel3vs5_data_29,1,7.628162e+00,9.151592e-01,9.755445e-01,8.372708e+00,8.787524e+00,4.932628e+00,6.170080e-03,2.935424e-03,2.854969e-02
Bag_30+1,Corel3vs5_data_30,1,3.354947e+00,2.491523e-01,2.856526e-01,7.423288e+00,8.036238e+00,4.508240e+00,1.734144e-01,1.087156e-01,7.627452e-02
Bag_30+2,Corel3vs5_data_30,1,7.733871e+00,6.844732e-01,7.842668e-01,7.897594e+00,7.776961e+00,4.408382e+00,7.432359e-02,6.359433e-02,6.672309e-02
Bag_30+3,Corel3vs5_data_30,1,7.358349e+00,-1.562449e+00,-3.415268e+00,1.409006e+00,1.365645e+00,8.750572e-01,1.053325e-01,1.116052e-01,9.125958e-02
Bag_30+4,Corel3vs5_data_30,1,6.906132e+00,2.780507e+00,2.956334e+00,4.204658e+00,5.532413e+00,1.762545e+00,-3.145981e-02,-1.342312e-02,2.349652e-02
Bag_31+1,Corel3vs5_data_31,1,2.951087e+00,3.267037e-01,1.586926e-01,6.634434e+00,6.887853e+00,3.462999e+00,1.176943e-01,1.047505e-01,8.974897e-02
Bag_31+2,Corel3vs5_data_31,1,6.036032e+00,1.189273e+00,1.623664e+00,1.020824e+01,1.013992e+01,5.307661e+00,1.424696e-01,8.810765e-02,6.589271e-02
Bag_31+3,Corel3vs5_data_31,1,7.209792e+00,-1.528131e+00,-3.395309e+00,1.435235e+00,1.346927e+00,9.172472e-01,7.404543e-02,8.944402e-02,8.463600e-02
Bag_31+4,Corel3vs5_data_31,1,8.239995e+00,1.130249e+00,1.265636e+00,6.093222e+00,6.801866e+00,3.444888e+00,9.973797e-02,6.759779e-02,5.818081e-02
Bag_32+1,Corel3vs5_data_32,1,3.534470e+00,5.486264e-01,-2.364927e-02,4.558197e+00,7.730085e+00,2.579187e+00,4.173613e-01,3.211761e-01,2.083661e-01
Bag_32+2,Corel3vs5_data_32,1,6.950401e+00,2.693058e+00,2.736730e+00,5.157652e+00,4.825969e+00,2.149532e+00,2.913876e-01,1.748050e-01,1.035688e-01
Bag_32+3,Corel3vs5_data_32,1,5.255958e+00,1.460340e+00,1.524836e+00,8.567567e+00,7.498456e+00,3.656274e+00,1.486204e-01,7.920872e-02,5.723429e-02
Bag_32+4,Corel3vs5_data_32,1,7.745064e+00,1.127310e+00,1.243873e+00,7.856897e+00,8.122766e+00,3.250617e+00,1.891461e-01,1.073529e-01,7.148092e-02
Bag_33+1,Corel3vs5_data_33,1,3.895469e+00,-2.178495e-01,-1.475196e-01,7.576518e+00,1.007446e+01,3.394249e+00,1.624619e-01,1.150757e-01,8.261928e-02
Bag_33+2,Corel3vs5_data_33,1,7.471025e+00,-1.184891e+00,-2.740774e+00,7.539408e-01,7.355256e-01,4.768253e-01,3.241659e-02,5.177168e-02,5.795929e-02
Bag_33+3,Corel3vs5_data_33,1,6.947787e+00,-4.141537e-02,-3.701767e-02,6.274283e+00,6.651971e+00,2.836437e+00,5.348139e-02,2.901108e-02,3.813658e-02
Bag_34+1,Corel3vs5_data_34,1,2.482618e+00,5.986321e-01,-1.057774e-01,2.409212e+00,2.937950e+00,1.366298e+00,2.057036e-01,1.894025e-01,1.422241e-01
Bag_34+2,Corel3vs5_data_34,1,7.745808e+00,1.679271e-01,3.424672e-01,4.269022e+00,3.825898e+00,2.144813e+00,9.576114e-03,3.597476e-03,2.840547e-02
Bag_34+3,Corel3vs5_data_34,1,5.151095e+00,-4.701217e-03,6.457402e-01,3.593650e+00,4.049463e+00,1.751393e+00,2.186594e-01,1.108219e-01,6.693774e-02
Bag_35+1,Corel3vs5_data_35,1,1.828480e+00,1.562011e-01,1.265805e-01,6.604517e-01,6.164144e-01,3.240280e-01,-4.576909e-02,-1.933243e-02,2.171554e-02
Bag_35+2,Corel3vs5_data_35,1,5.257412e+00,5.132743e+00,2.692223e+00,7.632564e-01,9.316380e-01,3.635686e-01,3.374573e-05,2.135094e-03,2.910091e-02
Bag_36+1,Corel3vs5_data_36,1,6.201674e+00,-1.826336e+00,-2.168353e+00,5.277908e-01,3.244107e-01,2.452886e-01,9.115275e-02,1.009953e-01,8.442061e-02
Bag_36+2,Corel3vs5_data_36,1,4.307550e+00,-4.241685e-01,2.393352e+00,8.865568e+00,8.574866e+00,5.635822e+00,1.579884e-01,1.095744e-01,7.858923e-02
Bag_36+3,Corel3vs5_data_36,1,7.072604e+00,-1.302229e+00,-1.262604e+00,1.085504e+00,7.512047e-01,5.721110e-01,4.672962e-02,4.689290e-02,5.307710e-02
Bag_36+4,Corel3vs5_data_36,1,8.003716e+00,7.747976e-01,2.228692e+00,5.488159e+00,5.248829e+00,2.925304e+00,8.493807e-02,6.455901e-02,6.038876e-02
Bag_37+1,Corel3vs5_data_37,1,3.399430e+00,1.370308e+00,5.344483e-01,3.956972e+00,4.957217e+00,2.035259e+00,1.426549e-01,1.361052e-01,1.314075e-01
Bag_37+2,Corel3vs5_data_37,1,6.652724e+00,8.998874e-01,2.138000e+00,3.499696e+00,3.529970e+00,1.617218e+00,-3.356414e-02,-1.429617e-02,2.325520e-02
Bag_38+1,Corel3vs5_data_38,1,7.903722e+00,2.681990e-01,3.357393e-01,5.632366e+00,6.020493e+00,3.087387e+00,-2.368036e-03,-1.869182e-03,2.668451e-02
Bag_38+2,Corel3vs5_data_38,1,4.612924e+00,1.735147e-01,1.055080e+00,8.757464e+00,7.963440e+00,4.905746e+00,2.290720e-01,1.418865e-01,9.008560e-02
Bag_39+1,Corel3vs5_data_39,1,2.532176e+00,5.496486e-01,-4.137671e-01,7.316126e+00,6.251147e+00,3.766756e+00,4.981037e-01,4.035816e-01,3.011087e-01
Bag_39+2,Corel3vs5_data_39,1,7.693263e+00,5.748580e-01,6.238546e-01,7.700126e+00,6.486624e+00,3.584727e+00,1.312249e-01,8.138960e-02,6.237813e-02
Bag_39+3,Corel3vs5_data_39,1,6.756374e+00,-1.631652e+00,-3.930433e+00,2.718519e+00,2.252067e+00,1.561402e+00,1.495989e-01,1.371785e-01,1.058105e-01
Bag_39+4,Corel3vs5_data_39,1,6.876340e+00,2.991713e+00,2.546828e+00,6.205267e+00,5.034359e+00,2.046620e+00,1.098718e-02,1.070400e-02,3.256064e-02
Bag_39+5,Corel3vs5_data_39,1,5.091628e+00,1.235931e+00,1.464260e+00,1.035041e+01,8.101047e+00,4.057077e+00,3.048426e-01,2.082037e-01,1.311835e-01
Bag_40+1,Corel3vs5_data_40,1,4.349766e+00,4.400981e-01,8.528546e-01,1.095821e+01,9.902596e+00,5.501386e+00,1.261628e-01,7.436056e-02,6.010029e-02
Bag_40+2,Corel3vs5_data_40,1,6.966788e+00,-1.667274e+00,-4.056492e+00,5.192249e-01,4.805923e-01,3.016669e-01,-1.642883e-02,-9.638107e-03,2.408469e-02
Bag_40+3,Corel3vs5_data_40,1,7.665928e+00,6.896000e-01,7.758062e-01,6.666498e+00,6.964498e+00,3.720220e+00,1.560980e-02,1.996213e-02,3.894543e-02
Bag_41+1,Corel3vs5_data_41,1,3.406073e+00,-8.405700e-02,-2.367462e-01,5.428679e+00,5.733875e+00,2.490876e+00,-6.228235e-03,1.146324e-02,4.034354e-02
Bag_41+2,Corel3vs5_data_41,1,8.090840e+00,8.637388e-01,1.139516e+00,5.920508e+00,5.364235e+00,2.635244e+00,1.099809e-01,6.738363e-02,5.591682e-02
Bag_41+3,Corel3vs5_data_41,1,5.965400e+00,8.087065e-01,1.468106e+00,7.637180e+00,6.454343e+00,3.200065e+00,1.138668e-01,5.685767e-02,4.793651e-02
Bag_42+1,Corel3vs5_data_42,1,3.975244e+00,3.529916e-01,5.715543e-01,1.138555e+01,1.056606e+01,6.303004e+00,3.993770e-01,3.432904e-01,2.653403e-01
Bag_42+2,Corel3vs5_data_42,1,6.827084e+00,-1.953016e+00,-4.341746e+00,6.827841e-01,3.801464e-01,3.485364e-01,3.869791e-02,5.324870e-02,5.806283e-02
Bag_42+3,Corel3vs5_data_42,1,7.102952e+00,7.429255e-01,9.611974e-01,9.063645e+00,8.323056e+00,4.645864e+00,2.511626e-02,1.876187e-02,3.587888e-02
Bag_42+4,Corel3vs5_data_42,1,7.945546e+00,-1.158059e+00,-2.816388e+00,1.306455e+00,1.180498e+00,8.110910e-01,-9.671715e-03,6.351913e-03,3.259564e-02
Bag_43+1,Corel3vs5_data_43,1,4.993063e+00,6.535278e-01,1.014910e+00,1.125779e+01,1.133858e+01,5.560148e+00,2.286756e-01,2.058934e-01,1.541114e-01
Bag_43+2,Corel3vs5_data_43,1,6.600755e+00,-1.879657e+00,-4.466662e+00,5.075578e-01,4.901900e-01,3.167052e-01,7.089260e-03,1.016241e-02,3.219008e-02
Bag_43+3,Corel3vs5_data_43,1,7.796403e+00,4.608237e-01,5.173499e-01,7.110389e+00,7.969498e+00,3.807341e+00,7.431671e-02,5.827022e-02,5.537546e-02
Bag_44+1,Corel3vs5_data_44,1,4.130263e+00,3.226648e-01,8.952157e-01,1.167435e+01,1.117490e+01,5.308531e+00,1.507153e-01,1.031455e-01,7.780006e-02
Bag_44+2,Corel3vs5_data_44,1,6.136745e+00,-1.968810e+00,-4.635951e+00,1.002103e+00,8.259764e-01,7.090241e-01,6.459364e-02,6.548372e-02,6.080854e-02
Bag_44+3,Corel3vs5_data_44,1,7.561035e+00,3.738288e-01,4.719586e-01,8.191490e+00,8.287263e+00,3.681180e+00,4.762483e-02,2.774380e-02,3.841899e-02
Bag_45+1,Corel3vs5_data_45,1,3.640154e+00,2.608553e-01,8.660824e-01,1.054593e+01,6.617111e+00,4.780901e+00,1.064245e-01,5.667999e-02,4.903616e-02
Bag_45+2,Corel3vs5_data_45,1,5.820975e+00,-1.936743e+00,-4.816115e+00,8.311074e-01,9.413114e-01,6.266069e-01,-7.492148e-03,7.025316e-05,2.800548e-02
Bag_45+3,Corel3vs5_data_45,1,7.448498e+00,4.136014e-01,7.268792e-01,9.027815e+00,6.605355e+00,3.688289e+00,1.707728e-02,5.210079e-03,2.837654e-02
Bag_46+1,Corel3vs5_data_46,1,2.857433e+00,3.917342e-01,2.385494e-01,8.105078e+00,5.781967e+00,4.474286e+00,1.206973e-01,5.920595e-02,4.764912e-02
Bag_46+2,Corel3vs5_data_46,1,4.747880e+00,7.833549e-01,2.079332e+00,8.879802e+00,8.121314e+00,5.484953e+00,-1.559890e-02,-6.130094e-03,2.563730e-02
Bag_47+1,Corel3vs5_data_47,1,4.872757e+00,8.694609e-02,-9.616783e-01,7.620642e+00,6.659451e+00,4.084146e+00,1.574628e-01,1.283404e-01,1.039065e-01
Bag_47+2,Corel3vs5_data_47,1,8.215241e+00,-9.780762e-02,-8.698079e-01,2.195888e+00,1.401951e+00,1.028721e+00,6.800822e-02,5.041374e-02,4.964701e-02
Bag_47+3,Corel3vs5_data_47,1,7.030388e+00,8.646298e-01,1.863744e-01,9.199047e+00,6.597030e+00,4.590314e+00,3.840875e-02,2.570369e-02,3.871586e-02
Bag_48+1,Corel3vs5_data_48,1,3.589606e+00,-3.636206e-01,8.371701e-01,1.042140e+01,8.484584e+00,5.912513e+00,2.005727e-01,1.422714e-01,1.035176e-01
Bag_48+2,Corel3vs5_data_48,1,7.472869e+00,4.497049e-01,4.390117e-01,8.075972e+00,6.460225e+00,3.797904e+00,1.175739e-01,5.219233e-02,4.476350e-02
Bag_48+3,Corel3vs5_data_48,1,5.371752e+00,-4.420599e-01,2.143261e+00,9.323256e+00,7.162579e+00,5.020365e+00,1.222108e-01,6.979107e-02,5.480758e-02
Bag_49+1,Corel3vs5_data_49,1,4.522038e+00,4.680610e-01,5.392314e-01,1.095061e+01,9.036590e+00,5.176989e+00,1.242230e-01,9.530737e-02,7.436811e-02
Bag_49+2,Corel3vs5_data_49,1,6.890178e+00,-1.663639e+00,-3.904040e+00,4.859792e-01,4.091129e-01,3.459303e-01,7.365593e-02,4.442494e-02,4.477663e-02
Bag_49+3,Corel3vs5_data_49,1,8.182858e+00,4.151597e-01,2.612257e-01,6.541806e+00,7.721125e+00,3.627582e+00,5.019837e-02,3.445264e-02,4.312445e-02
Bag_50+1,Corel3vs5_data_50,1,5.146838e+00,3.452662e+00,3.284416e+00,7.109065e+00,7.332104e+00,4.047898e+00,3.239847e-01,2.076184e-01,1.251768e-01
Bag_50+2,Corel3vs5_data_50,1,2.828583e+00,2.024988e+00,9.223928e-01,6.438941e+00,8.928782e+00,4.270607e+00,1.047087e+00,1.022109e+00,7.886137e-01
Bag_50+3,Corel3vs5_data_50,1,7.793209e+00,8.976191e-01,1.609926e+00,5.885752e+00,6.289482e+00,3.317360e+00,8.519778e-02,4.577166e-02,4.454970e-02
Bag_50+4,Corel3vs5_data_50,1,3.813692e+00,6.134964e+00,2.328467e+00,5.427821e+00,5.762266e+00,3.013231e+00,4.608591e-01,3.641250e-01,2.403188e-01
Bag_50+5,Corel3vs5_data_50,1,6.485494e+00,2.191671e+00,3.821445e+00,6.620280e+00,5.814347e+00,3.695448e+00,1.213572e-01,6.430742e-02,5.113158e-02
Bag_51+1,Corel3vs5_data_51,1,2.165107e+00,2.711441e-01,2.602917e-01,3.219486e+00,3.104324e+00,1.885086e+00,1.440342e-01,9.954551e-02,7.724413e-02
Bag_51+2,Corel3vs5_data_51,1,7.241882e+00,-7.204909e-02,1.258618e-01,6.226410e+00,5.877059e+00,3.673878e+00,4.473753e-02,1.863484e-02,3.308974e-02
Bag_51+3,Corel3vs5_data_51,1,4.851015e+00,9.136274e-02,3.090054e-01,7.956348e+00,7.244666e+00,4.738404e+00,1.497126e-01,8.543664e-02,6.163193e-02
Bag_52+1,Corel3vs5_data_52,1,6.025611e+00,-1.954014e+00,-3.887201e+00,5.857880e-01,4.635077e-01,4.854816e-01,2.008028e-01,2.114945e-01,1.592591e-01
Bag_52+2,Corel3vs5_data_52,1,3.726021e+00,4.753003e-01,8.819660e-01,1.049936e+01,1.168802e+01,5.269795e+00,1.460287e-01,9.451380e-02,7.097717e-02
Bag_52+3,Corel3vs5_data_52,1,6.132364e+00,-8.559247e-02,-6.348088e-02,5.167612e+00,6.535775e+00,2.706803e+00,1.950096e-01,1.759172e-01,1.286631e-01
Bag_52+4,Corel3vs5_data_52,1,7.478873e+00,8.195468e-01,1.211117e+00,8.070879e+00,8.836216e+00,3.919856e+00,4.163970e-02,2.735767e-02,3.859849e-02
Bag_52+5,Corel3vs5_data_52,1,6.740413e+00,-1.391424e+00,-2.624231e+00,3.174875e+00,3.669209e+00,2.419171e+00,1.089829e+00,1.561108e+00,1.871561e+00
Bag_53+1,Corel3vs5_data_53,1,4.115002e+00,-3.536777e-01,1.052630e+00,6.974377e+00,8.118314e+00,4.181626e+00,2.252335e-01,1.669368e-01,1.148086e-01
Bag_53+2,Corel3vs5_data_53,1,8.030420e+00,-1.081873e+00,-2.867465e+00,9.700650e-01,1.555609e+00,7.699286e-01,2.041438e-02,2.472620e-02,4.047464e-02
Bag_53+3,Corel3vs5_data_53,1,8.066290e+00,4.667669e-01,2.424632e-01,5.820605e+00,7.181406e+00,2.896762e+00,8.042136e-03,1.892398e-02,3.845723e-02
Bag_54+1,Corel3vs5_data_54,1,2.643517e+00,3.620073e-01,-5.213628e-01,1.026702e+01,9.283910e+00,5.962629e+00,2.374377e-01,1.751891e-01,1.197713e-01
Bag_54+2,Corel3vs5_data_54,1,7.671433e+00,3.401385e-01,6.599030e-02,7.890354e+00,7.782749e+00,3.902582e+00,1.233712e-01,7.946999e-02,6.749634e-02
Bag_54+3,Corel3vs5_data_54,1,4.382011e+00,5.329505e+00,6.352475e-01,1.125734e+01,9.324562e+00,6.425683e+00,2.602049e-01,1.984666e-01,1.433984e-01
Bag_54+4,Corel3vs5_data_54,1,8.102998e+00,-1.114842e+00,-2.715502e+00,5.443869e-01,6.589568e-01,3.527798e-01,3.211183e-02,4.503943e-02,5.258007e-02
Bag_54+5,Corel3vs5_data_54,1,5.077441e+00,5.776670e-01,2.900278e-01,1.277328e+01,1.082621e+01,6.319717e+00,2.215087e-01,1.563797e-01,1.071976e-01
Bag_55+1,Corel3vs5_data_55,1,8.658537e+00,1.966008e-01,3.433629e-01,3.480198e+00,2.111335e+00,1.349778e+00,1.249221e-01,7.606375e-02,5.958549e-02
Bag_55+2,Corel3vs5_data_55,1,5.190345e+00,4.325255e-01,1.004038e+00,7.480103e+00,6.250122e+00,3.486167e+00,-2.586328e-03,3.533160e-03,2.951780e-02
Bag_56+1,Corel3vs5_data_56,1,7.584785e+00,7.575505e-01,1.381561e+00,6.046357e+00,4.536983e+00,2.962405e+00,-1.818726e-02,-8.068714e-03,2.492415e-02
Bag_56+2,Corel3vs5_data_56,1,4.779737e+00,6.961153e-01,1.323171e+00,8.621696e+00,6.954437e+00,4.041413e+00,2.677582e-01,1.616223e-01,9.927659e-02
Bag_57+1,Corel3vs5_data_57,1,9.088898e+00,1.057765e-01,-1.372495e-02,1.552071e+00,1.468018e+00,8.338601e-01,5.782791e-02,4.544489e-02,4.792104e-02
Bag_57+2,Corel3vs5_data_57,1,5.792844e+00,3.032252e-01,1.735613e-01,5.711032e+00,5.565717e+00,3.046249e+00,2.790268e-03,6.990853e-03,3.091609e-02
Bag_58+1,Corel3vs5_data_58,1,3.797021e+00,6.936942e-01,-2.300578e-01,7.388063e+00,6.555197e+00,3.015712e+00,1.703647e-01,1.078026e-01,7.492531e-02
Bag_58+2,Corel3vs5_data_58,1,7.490352e+00,1.929324e-01,-3.030460e-01,5.453228e+00,4.824528e+00,2.484991e+00,1.465418e-01,7.036542e-02,5.201316e-02
Bag_58+3,Corel3vs5_data_58,1,5.650714e+00,2.161619e+00,1.262421e+00,5.101657e+00,4.257761e+00,1.821764e+00,7.970423e-02,6.502771e-02,5.966475e-02
Bag_59+1,Corel3vs5_data_59,1,3.831141e+00,-9.478591e-03,6.989353e-01,5.849214e+00,5.251890e+00,2.611241e+00,2.732976e-01,2.337911e-01,1.825487e-01
Bag_59+2,Corel3vs5_data_59,1,8.684689e+00,-7.532684e-02,-7.947777e-01,6.986762e-01,5.465606e-01,3.388194e-01,3.109201e-03,8.257159e-03,3.155475e-02
Bag_59+3,Corel3vs5_data_59,1,7.155353e+00,6.154239e-01,1.399254e+00,6.049264e+00,5.519601e+00,2.826782e+00,1.238457e-01,9.561482e-02,7.469411e-02
Bag_60+1,Corel3vs5_data_60,1,2.927169e+00,1.629513e+00,7.713852e-01,6.846360e+00,7.388178e+00,2.909114e+00,2.540697e-01,2.097009e-01,1.713566e-01
Bag_60+2,Corel3vs5_data_60,1,6.710326e+00,5.629372e-01,3.154120e-01,5.084360e+00,4.026633e+00,1.948501e+00,2.359420e-01,1.208094e-01,7.261176e-02
Bag_60+3,Corel3vs5_data_60,1,5.884096e+00,1.903724e+00,2.048201e+00,6.740103e+00,7.444687e+00,3.039270e+00,1.296840e-01,9.507209e-02,7.479056e-02
Bag_60+4,Corel3vs5_data_60,1,8.226868e+00,4.027778e-02,-1.859803e-01,4.487264e+00,2.110916e+00,1.137558e+00,2.004695e-02,2.656365e-02,4.097535e-02
Bag_61+1,Corel3vs5_data_61,1,6.901120e+00,3.579518e-01,1.459695e+00,5.213996e+00,6.518951e+00,3.747225e+00,-3.675715e-02,-1.515439e-02,2.295704e-02
Bag_61+2,Corel3vs5_data_61,1,4.103906e+00,3.957928e-01,1.008751e+00,8.048573e+00,8.717276e+00,5.008165e+00,7.381144e-02,4.474788e-02,4.766950e-02
Bag_62+1,Corel3vs5_data_62,1,2.855067e+00,2.301311e-01,-2.093635e-01,6.400260e+00,6.894086e+00,3.977658e+00,2.593896e-01,1.733835e-01,1.194921e-01
Bag_62+2,Corel3vs5_data_62,1,7.554590e+00,8.074651e-01,9.092006e-01,8.848718e+00,7.710709e+00,4.336497e+00,6.387366e-02,4.026806e-02,4.433402e-02
Bag_62+3,Corel3vs5_data_62,1,5.166411e+00,1.094983e+00,1.163848e+00,1.362566e+01,1.015370e+01,6.065188e+00,1.673243e-01,9.797533e-02,6.832013e-02
Bag_62+4,Corel3vs5_data_62,1,7.884470e+00,-6.049939e-01,-1.950585e+00,1.845745e+00,1.967821e+00,1.313856e+00,9.660764e-02,7.145133e-02,6.148453e-02
Bag_63+1,Corel3vs5_data_63,1,2.578777e+00,5.175749e-01,7.949204e-02,6.567658e+00,7.449969e+00,3.854704e+00,1.358244e-01,8.975632e-02,7.553370e-02
Bag_63+2,Corel3vs5_data_63,1,8.344124e+00,3.288148e-01,4.463432e-01,6.510318e+00,7.081289e+00,3.845829e+00,4.180366e-02,3.788469e-02,4.481275e-02
Bag_63+3,Corel3vs5_data_63,1,5.395627e+00,2.969834e-01,4.595012e-01,5.729444e+00,5.985918e+00,3.236266e+00,5.669079e-02,3.959818e-02,4.519831e-02
Bag_64+1,Corel3vs5_data_64,1,4.637718e+00,1.716381e-01,3.294410e-01,4.300718e+00,4.420340e+00,1.909802e+00,9.796621e-02,7.933918e-02,6.575568e-02
Bag_64+2,Corel3vs5_data_64,1,6.061150e+00,-1.768450e+00,-3.941849e+00,5.538588e-01,4.434954e-01,3.404901e-01,9.229196e-03,2.018335e-02,3.813355e-02
Bag_64+3,Corel3vs5_data_64,1,7.426558e+00,5.278169e-01,1.036153e+00,7.495697e+00,8.500506e+00,3.793325e+00,3.721344e-02,4.523898e-02,5.377200e-02
Bag_65+1,Corel3vs5_data_65,1,3.843177e+00,3.175752e-02,4.062312e-01,9.858815e+00,1.036983e+01,6.381032e+00,7.397344e-01,7.134842e-01,5.248522e-01
Bag_65+2,Corel3vs5_data_65,1,6.189916e+00,-1.622133e+00,-4.017898e+00,8.918246e-01,7.787527e-01,6.190009e-01,-2.539380e-02,-7.458499e-03,2.599492e-02
Bag_65+3,Corel3vs5_data_65,1,7.910138e+00,5.779831e-01,9.912971e-01,7.832148e+00,7.033929e+00,4.193866e+00,6.450768e-02,7.555585e-02,7.263942e-02
Bag_66+1,Corel3vs5_data_66,1,3.257883e+00,4.566038e-01,4.483920e-01,7.727399e+00,6.956182e+00,3.457838e+00,1.510548e-01,9.775484e-02,7.163006e-02
Bag_66+2,Corel3vs5_data_66,1,9.078226e+00,4.627594e-02,-1.607728e-02,2.222502e+00,2.123967e+00,1.318196e+00,1.088467e-01,9.507655e-02,7.565330e-02
Bag_66+3,Corel3vs5_data_66,1,5.825078e+00,5.529007e-01,6.166415e-01,7.416933e+00,6.582537e+00,3.577844e+00,4.875952e-02,2.966181e-02,3.943089e-02
Bag_67+1,Corel3vs5_data_67,1,7.805002e+00,2.943512e-01,3.865429e-01,4.114720e+00,4.878709e+00,1.882016e+00,1.203508e-02,5.384928e-03,2.923984e-02
Bag_67+2,Corel3vs5_data_67,1,4.731780e+00,1.750899e-01,5.504276e-01,7.137512e+00,7.927963e+00,3.347879e+00,1.723338e-01,8.300468e-02,5.711638e-02
Bag_68+1,Corel3vs5_data_68,1,7.670135e+00,6.821841e-01,7.804281e-01,3.596218e+00,5.263773e+00,1.822218e+00,1.089644e-02,2.971146e-03,2.783856e-02
Bag_68+2,Corel3vs5_data_68,1,5.110484e+00,7.409758e-01,8.652552e-01,5.689824e+00,7.123409e+00,3.119152e+00,1.839417e-01,1.153167e-01,7.820012e-02
Bag_69+1,Corel3vs5_data_69,1,7.100906e+00,6.407385e-01,1.467004e+00,4.236645e+00,4.070337e+00,1.851395e+00,8.157040e-02,4.950175e-02,4.826187e-02
Bag_69+2,Corel3vs5_data_69,1,4.067039e+00,1.944595e+00,1.823673e+00,3.610453e+00,3.785734e+00,1.495789e+00,4.063969e-02,1.641483e-02,3.254085e-02
Bag_70+1,Corel3vs5_data_70,1,2.654414e+00,5.648925e-01,2.381030e-01,6.492201e+00,7.022370e+00,3.379174e+00,1.781817e-01,1.153535e-01,8.087391e-02
Bag_70+2,Corel3vs5_data_70,1,7.844598e+00,6.537324e-01,7.465429e-01,6.989166e+00,6.617990e+00,3.599062e+00,1.047835e-01,6.218534e-02,5.239430e-02
Bag_70+3,Corel3vs5_data_70,1,5.193583e+00,1.015565e+00,1.316863e+00,7.329291e+00,7.684280e+00,3.877486e+00,1.210482e-01,5.807697e-02,4.811554e-02
Bag_71+1,Corel3vs5_data_71,1,3.920326e+00,4.269991e-01,7.562884e-01,9.088196e+00,1.131971e+01,5.631119e+00,1.277311e-01,7.770449e-02,6.105249e-02
Bag_71+2,Corel3vs5_data_71,1,7.566156e+00,-1.574831e+00,-2.971533e+00,5.778461e-01,5.424670e-01,3.790673e-01,7.543553e-02,3.121110e-02,3.718831e-02
Bag_71+3,Corel3vs5_data_71,1,7.967942e+00,2.094294e-01,7.131435e-01,5.247459e+00,5.684111e+00,3.214902e+00,3.368092e-02,1.590177e-02,3.241082e-02
Bag_72+1,Corel3vs5_data_72,1,8.101936e+00,-6.857016e-01,-1.423466e+00,4.925313e-01,3.995487e-01,2.227161e-01,1.926001e-01,8.935908e-02,5.729092e-02
Bag_72+2,Corel3vs5_data_72,1,6.764974e+00,5.183681e-01,8.804246e-01,6.133247e+00,5.749899e+00,2.790892e+00,-5.239137e-02,-2.055608e-02,2.152517e-02
Bag_73+1,Corel3vs5_data_73,1,3.657052e+00,1.680645e-01,4.942921e-01,6.740131e+00,8.126936e+00,3.267961e+00,1.851174e-01,1.068239e-01,7.498690e-02
Bag_73+2,Corel3vs5_data_73,1,7.112448e+00,-1.705419e+00,-3.932417e+00,6.423221e-01,6.606356e-01,4.296370e-01,-1.258947e-02,-3.564124e-03,2.694169e-02
Bag_73+3,Corel3vs5_data_73,1,7.766163e+00,3.665661e-01,4.092664e-01,6.879844e+00,7.205845e+00,3.129892e+00,1.765654e-02,7.760219e-03,3.032167e-02
Bag_74+1,Corel3vs5_data_74,1,2.030199e+00,2.437901e-02,1.670783e-01,2.874547e+00,3.222101e+00,1.953440e+00,1.364641e-01,6.222859e-02,4.857368e-02
Bag_74+2,Corel3vs5_data_74,1,6.811939e+00,5.592196e-01,2.254317e+00,8.049328e+00,9.473067e+00,4.803519e+00,6.396263e-02,3.871180e-02,4.283619e-02
Bag_74+3,Corel3vs5_data_74,1,4.368837e+00,1.843617e-01,1.557199e+00,1.018934e+01,1.164851e+01,6.660375e+00,1.563397e-01,8.996516e-02,6.501270e-02
Bag_75+1,Corel3vs5_data_75,1,2.380989e+00,1.320780e-01,-1.046736e-01,2.280078e+00,2.948793e+00,1.298980e+00,3.617540e-02,1.595753e-02,3.239549e-02
Bag_75+2,Corel3vs5_data_75,1,7.068088e+00,4.962483e-01,9.084188e-01,5.469159e+00,8.708212e+00,3.420622e+00,3.379167e-02,2.596104e-02,4.024498e-02
Bag_76+1,Corel3vs5_data_76,1,4.012489e+00,1.554300e-01,6.817299e-01,1.243890e+01,8.497787e+00,4.370881e+00,7.522171e-02,4.978143e-02,5.100499e-02
Bag_76+2,Corel3vs5_data_76,1,4.832655e+00,-1.800380e+00,-5.482175e+00,1.178123e+00,8.060117e-01,6.527566e-01,2.671902e-01,1.983085e-01,1.264961e-01
Bag_76+3,Corel3vs5_data_76,1,7.833900e+00,3.408365e-01,7.618368e-01,8.297435e+00,5.157411e+00,2.894865e+00,4.478863e-02,2.281741e-02,3.531815e-02
Bag_77+1,Corel3vs5_data_77,1,2.052377e+00,1.035317e-01,-1.150570e-01,3.522680e+00,4.544353e+00,2.157242e+00,1.105773e-01,6.655135e-02,5.423186e-02
Bag_77+2,Corel3vs5_data_77,1,8.401504e+00,3.833203e-01,5.887935e-01,3.707775e+00,4.582662e+00,2.286055e+00,2.034301e-02,1.807337e-02,3.613969e-02
Bag_77+3,Corel3vs5_data_77,1,4.790782e+00,-3.078526e-01,1.311065e+00,7.069759e+00,9.673061e+00,4.100667e+00,6.079379e-02,4.522016e-02,5.168210e-02
Bag_78+1,Corel3vs5_data_78,1,7.312929e+00,5.662332e-01,2.829444e-01,5.474579e+00,5.388428e+00,2.651046e+00,3.531035e-03,-9.110175e-04,2.675325e-02
Bag_78+2,Corel3vs5_data_78,1,4.545249e+00,6.407963e-01,2.779470e-01,7.379392e+00,7.669990e+00,3.320257e+00,2.125263e-01,1.395308e-01,9.149304e-02
Bag_79+1,Corel3vs5_data_79,1,3.804497e+00,-9.685914e-02,1.135866e-01,8.121815e+00,7.549296e+00,3.806281e+00,1.420498e-01,9.394851e-02,7.205840e-02
Bag_79+2,Corel3vs5_data_79,1,7.479064e+00,-1.370235e+00,-3.668056e+00,7.820359e-01,7.034604e-01,4.430208e-01,5.286573e-02,3.989543e-02,4.467358e-02
Bag_79+3,Corel3vs5_data_79,1,7.175601e+00,5.746856e-01,6.650800e-01,7.847445e+00,7.947766e+00,3.982524e+00,4.086399e-02,3.299567e-02,4.255423e-02
Bag_80+1,Corel3vs5_data_80,1,4.293382e+00,-4.990727e-02,1.219214e+00,5.659089e+00,5.267370e+00,2.900018e+00,9.011003e-02,6.837897e-02,5.878751e-02
Bag_80+2,Corel3vs5_data_80,1,7.305721e+00,-1.141784e+00,-3.250107e+00,1.173745e+00,1.068269e+00,7.573459e-01,7.528593e-02,6.565322e-02,5.919652e-02
Bag_80+3,Corel3vs5_data_80,1,7.161681e+00,6.234901e-01,6.505000e-01,7.081980e+00,6.785915e+00,3.777080e+00,6.352746e-02,5.316450e-02,5.271531e-02
Bag_81+1,Corel3vs5_data_81,1,3.924034e+00,-1.694088e-01,3.870217e-01,8.159694e+00,8.531191e+00,4.663513e+00,2.667933e-01,1.456631e-01,8.328848e-02
Bag_81+2,Corel3vs5_data_81,1,7.243777e+00,-1.780226e+00,-3.924633e+00,9.441463e-01,1.121244e+00,6.096772e-01,8.150267e-02,3.904912e-02,4.017487e-02
Bag_81+3,Corel3vs5_data_81,1,7.402263e+00,8.802390e-02,5.613134e-01,7.319007e+00,7.681658e+00,4.562018e+00,1.205943e-01,5.552351e-02,4.622642e-02
Bag_82+1,Corel3vs5_data_82,1,3.718130e+00,-3.264264e-01,1.392427e+00,6.991803e+00,5.426331e+00,3.240229e+00,3.235558e-01,2.314411e-01,1.582343e-01
Bag_82+2,Corel3vs5_data_82,1,7.642679e+00,4.023543e-01,1.368832e+00,6.779349e+00,5.205556e+00,3.302404e+00,2.048554e-02,2.184012e-02,3.786599e-02
Bag_82+3,Corel3vs5_data_82,1,3.187478e+00,-6.564782e-01,-1.658487e+00,9.670329e+00,1.006021e+01,7.466313e+00,4.458037e-02,5.605975e-02,6.361789e-02
Bag_82+4,Corel3vs5_data_82,1,7.693980e+00,-1.454280e+00,-2.700933e+00,2.219103e+00,2.274396e+00,1.521400e+00,1.421161e-01,1.071400e-01,8.012632e-02
Bag_83+1,Corel3vs5_data_83,1,7.915273e+00,8.766892e-02,3.500124e-01,5.305932e+00,4.662344e+00,3.490592e+00,9.134812e-03,9.383928e-03,3.188730e-02
Bag_83+2,Corel3vs5_data_83,1,5.867801e+00,3.666914e-01,2.006736e+00,7.916764e+00,7.842264e+00,6.289018e+00,8.624842e-02,3.591774e-02,3.831535e-02
Bag_84+1,Corel3vs5_data_84,1,4.392524e+00,7.181772e-01,1.128134e+00,6.156876e+00,6.089785e+00,3.038361e+00,5.180844e-02,2.556849e-02,3.768302e-02
Bag_84+2,Corel3vs5_data_84,1,8.988105e+00,-1.033921e-01,-5.437371e-02,9.758570e-01,8.578780e-01,5.589257e-01,6.646349e-02,5.511095e-02,6.220376e-02
Bag_84+3,Corel3vs5_data_84,1,7.069134e+00,1.274569e+00,1.865703e+00,6.188290e+00,7.709259e+00,3.251271e+00,8.682331e-02,4.487735e-02,4.514138e-02
Bag_85+1,Corel3vs5_data_85,1,4.779722e+00,5.272089e-01,1.561233e+00,6.720450e+00,7.546777e+00,3.404743e+00,6.547667e-02,3.585555e-02,4.116446e-02
Bag_85+2,Corel3vs5_data_85,1,8.567213e+00,-1.082294e+00,-1.256372e+00,1.349361e+00,1.503359e+00,8.365148e-01,3.988919e-01,2.967116e-01,2.013429e-01
Bag_85+3,Corel3vs5_data_85,1,7.914478e+00,7.704777e-01,1.812036e+00,6.054672e+00,6.427298e+00,2.934577e+00,5.743530e-02,3.006530e-02,3.835326e-02
Bag_86+1,Corel3vs5_data_86,1,4.545295e+00,5.052851e-01,1.198488e+00,8.402077e+00,8.023770e+00,4.143133e+00,8.824950e-02,5.285599e-02,5.169126e-02
Bag_86+2,Corel3vs5_data_86,1,8.175867e+00,-1.264056e+00,-2.360427e+00,7.528057e-01,8.293556e-01,4.908607e-01,5.206365e-02,3.644359e-02,4.207104e-02
Bag_86+3,Corel3vs5_data_86,1,7.753077e+00,6.918265e-01,1.378516e+00,6.090870e+00,5.236958e+00,3.458028e+00,-3.324498e-02,-1.464600e-02,2.292378e-02
Bag_87+1,Corel3vs5_data_87,1,7.991442e+00,-1.443120e+00,-2.867484e+00,5.780089e-01,3.913900e-01,3.291775e-01,9.435499e-02,8.406340e-02,6.909092e-02
Bag_87+2,Corel3vs5_data_87,1,4.839592e+00,4.305989e-01,1.712377e+00,9.709006e+00,8.635132e+00,5.562049e+00,2.307899e-01,1.429722e-01,9.310976e-02
Bag_87+3,Corel3vs5_data_87,1,8.029922e+00,8.066920e-01,1.656949e+00,6.092436e+00,4.801766e+00,3.011359e+00,1.045715e-02,1.159825e-02,3.318967e-02
Bag_88+1,Corel3vs5_data_88,1,4.988130e+00,-1.531250e-02,5.556396e-01,6.951204e+00,6.061430e+00,3.604501e+00,5.610397e-02,3.267604e-02,4.000686e-02
Bag_88+2,Corel3vs5_data_88,1,7.898435e+00,6.827563e-01,1.382006e+00,6.547374e+00,6.341712e+00,3.691756e+00,8.305541e-02,3.409172e-02,3.768363e-02
Bag_88+3,Corel3vs5_data_88,1,8.141010e+00,-1.410876e+00,-2.857347e+00,7.380864e-01,9.879224e-01,6.422159e-01,3.462421e-02,2.580331e-02,4.012919e-02
Bag_89+1,Corel3vs5_data_89,1,5.079967e+00,1.714504e-01,1.336197e+00,9.649719e+00,9.697192e+00,4.804121e+00,1.759160e-01,1.340137e-01,1.004779e-01
Bag_89+2,Corel3vs5_data_89,1,7.985143e+00,-1.525984e+00,-3.049001e+00,8.935202e-01,7.168838e-01,5.093194e-01,4.438182e-02,4.930335e-02,5.226159e-02
Bag_89+3,Corel3vs5_data_89,1,7.684268e+00,3.656107e-01,1.245494e+00,7.453415e+00,5.943944e+00,3.688552e+00,4.316419e-02,2.479766e-02,3.736721e-02
Bag_90+1,Corel3vs5_data_90,1,3.920558e+00,-2.247717e-01,6.419052e-01,8.673221e+00,6.423684e+00,4.078412e+00,3.992600e-01,2.765010e-01,1.745303e-01
Bag_90+2,Corel3vs5_data_90,1,7.111761e+00,-1.911397e+00,-4.349405e+00,7.595206e-01,6.692988e-01,4.537144e-01,1.040121e-02,5.068319e-03,2.942831e-02
Bag_90+3,Corel3vs5_data_90,1,7.673446e+00,5.162582e-01,1.231770e+00,6.155897e+00,5.124361e+00,3.566292e+00,-2.121395e-02,-6.193173e-03,2.642150e-02
Bag_91+1,Corel3vs5_data_91,1,8.350579e+00,1.173476e-01,-4.917293e-01,2.142513e+00,1.745127e+00,1.135773e+00,1.548264e-01,6.728934e-02,4.875566e-02
Bag_91+2,Corel3vs5_data_91,1,5.020036e+00,2.918527e-01,1.268726e+00,6.361685e+00,6.364987e+00,4.071404e+00,9.868900e-03,1.283536e-02,3.338233e-02
Bag_92+1,Corel3vs5_data_92,1,3.881805e+00,-2.464491e-01,7.667592e-01,7.510928e+00,7.758593e+00,4.897696e+00,4.108269e-01,3.504375e-01,2.556579e-01
Bag_92+2,Corel3vs5_data_92,1,6.732066e+00,3.423515e+00,1.916987e+00,3.319979e+00,3.338289e+00,1.754968e+00,2.693297e-02,3.518631e-02,4.899969e-02
Bag_92+3,Corel3vs5_data_92,1,5.866154e+00,4.127271e-02,8.130883e-01,6.541507e+00,5.480165e+00,3.454507e+00,4.180121e-01,2.915512e-01,1.755008e-01
Bag_92+4,Corel3vs5_data_92,1,7.801811e+00,6.256780e-01,7.187125e-01,4.480145e+00,3.813380e+00,2.543425e+00,4.467232e-02,1.960810e-02,3.381803e-02
Bag_93+1,Corel3vs5_data_93,1,8.586252e+00,1.458042e-01,1.261175e-01,2.600897e+00,2.486720e+00,1.139136e+00,3.498871e-02,1.519776e-02,3.199246e-02
Bag_93+2,Corel3vs5_data_93,1,4.902856e+00,4.450679e-01,3.647405e-01,5.640532e+00,6.002765e+00,2.580930e+00,6.566904e-02,4.754743e-02,4.903589e-02
Bag_94+1,Corel3vs5_data_94,1,5.002700e+00,3.622363e-02,4.043724e-01,1.006685e+01,6.703439e+00,3.740103e+00,1.492181e-01,8.009645e-02,5.676781e-02
Bag_94+2,Corel3vs5_data_94,1,7.457944e+00,-1.439541e+00,-3.924662e+00,7.705641e-01,6.306090e-01,3.483857e-01,-1.559157e-02,-6.228981e-03,2.549275e-02
Bag_94+3,Corel3vs5_data_94,1,7.506881e+00,4.166353e-01,5.812002e-01,5.524838e+00,4.461273e+00,2.573935e+00,2.994974e-02,1.217759e-02,3.119864e-02
Bag_95+1,Corel3vs5_data_95,1,4.071049e+00,-1.380268e-02,2.234052e-01,5.927077e+00,7.720627e+00,3.245907e+00,3.060507e-01,1.970198e-01,1.294589e-01
Bag_95+2,Corel3vs5_data_95,1,8.215802e+00,-9.698613e-01,-2.288554e+00,6.061241e-01,6.693320e-01,3.584013e-01,-1.943963e-02,-6.263546e-03,2.612737e-02
Bag_95+3,Corel3vs5_data_95,1,7.436237e+00,2.819615e-01,9.510864e-01,5.331671e+00,5.403936e+00,2.813339e+00,7.202046e-02,5.539071e-02,5.280342e-02
Bag_96+1,Corel3vs5_data_96,1,2.425475e+00,-1.867940e-01,-3.862199e-01,2.382614e+00,2.291559e+00,1.020174e+00,1.054986e-01,6.280059e-02,5.425436e-02
Bag_96+2,Corel3vs5_data_96,1,6.413725e+00,-7.159408e-01,-1.887322e-01,3.862382e+00,3.547377e+00,2.096912e+00,-1.509390e-02,-4.362402e-03,2.684045e-02
Bag_97+1,Corel3vs5_data_97,1,4.974398e+00,4.688327e-02,1.186044e-01,4.757727e+00,5.016304e+00,2.377618e+00,4.884529e-02,3.123883e-02,4.158906e-02
Bag_97+2,Corel3vs5_data_97,1,7.715780e+00,-6.132527e-01,-4.965989e-01,2.208872e+00,2.328759e+00,1.165229e+00,9.451833e-02,4.460383e-02,4.199183e-02
Bag_97+3,Corel3vs5_data_97,1,6.084076e+00,3.016280e+00,1.484094e+00,4.382456e+00,4.344084e+00,1.870096e+00,1.083451e-01,6.505822e-02,5.408160e-02
Bag_98+1,Corel3vs5_data_98,1,2.122755e+00,2.830973e-01,-1.323332e-02,2.285103e+00,3.135540e+00,1.097819e+00,9.624188e-03,1.343817e-02,3.544856e-02
Bag_98+2,Corel3vs5_data_98,1,8.326212e+00,2.596800e-01,7.443309e-01,1.775438e+00,2.348481e+00,7.507340e-01,8.358660e-02,4.165584e-02,4.356078e-02
Bag_98+3,Corel3vs5_data_98,1,6.378963e+00,1.205153e+00,2.573867e+00,2.529508e+00,3.807092e+00,1.126759e+00,1.979132e-01,1.085580e-01,7.048775e-02
Bag_99+1,Corel3vs5_data_99,1,4.731149e+00,-1.272227e-02,1.332510e+00,8.365540e+00,8.986279e+00,4.627664e+00,3.011702e-01,2.198357e-01,1.437035e-01
Bag_99+2,Corel3vs5_data_99,1,7.657106e+00,-1.727167e+00,-3.541252e+00,8.388435e-01,8.331337e-01,4.977509e-01,1.279472e-01,7.189785e-02,5.539102e-02
Bag_99+3,Corel3vs5_data_99,1,7.886856e+00,4.212624e-01,1.096691e+00,6.795732e+00,6.353814e+00,3.447500e+00,7.320762e-04,2.039706e-03,2.846324e-02
Bag_100+1,Corel3vs5_data_100,1,4.387646e+00,-2.100120e-01,7.789636e-01,7.620654e+00,9.290088e+00,4.412007e+00,8.921407e-02,6.256852e-02,5.759946e-02
Bag_100+2,Corel3vs5_data_100,1,8.381580e+00,-1.489030e+00,-1.666135e+00,6.268235e-01,6.199925e-01,4.163628e-01,6.724270e-02,4.335901e-02,4.467805e-02
Bag_100+3,Corel3vs5_data_100,1,7.446239e+00,1.813303e-01,8.778937e-01,7.023298e+00,8.833861e+00,4.126282e+00,5.486855e-02,3.311537e-02,4.140907e-02
Bag_101+1,Corel3vs5_data_101,0,9.433789e+00,1.277438e-01,1.548950e-01,6.914704e-01,5.165066e-01,4.127817e-01,-4.340585e-03,-4.702397e-03,2.546856e-02
Bag_101+2,Corel3vs5_data_101,0,5.998557e+00,1.290669e+00,1.560113e+00,1.018793e+01,1.033418e+01,6.742823e+00,7.347436e-02,6.076507e-02,6.030183e-02
Bag_102+1,Corel3vs5_data_102,0,9.357999e+00,1.938949e-01,2.646984e-01,8.810721e-01,7.223724e-01,5.218109e-01,3.173464e-03,-2.787624e-03,2.588009e-02
Bag_102+2,Corel3vs5_data_102,0,5.918676e+00,2.390182e+00,2.422706e+00,8.644162e+00,9.220337e+00,5.746787e+00,4.149292e-02,4.451986e-02,5.254970e-02
Bag_103+1,Corel3vs5_data_103,0,9.411703e+00,1.548470e-01,8.509713e-02,5.086835e-01,5.643155e-01,3.089658e-01,3.045501e-02,1.597829e-02,3.298456e-02
Bag_103+2,Corel3vs5_data_103,0,7.913226e+00,2.834075e+00,2.590322e+00,2.815926e+00,2.775473e+00,1.591107e+00,9.197834e-03,1.626221e-02,3.691855e-02
Bag_104+1,Corel3vs5_data_104,0,9.381019e+00,-3.964240e-03,-9.651774e-02,7.504739e-01,5.513918e-01,4.029173e-01,-1.061900e-02,-7.630978e-03,2.463968e-02
Bag_104+2,Corel3vs5_data_104,0,5.906600e+00,-9.123867e-01,-1.897930e+00,9.379585e+00,8.023064e+00,4.764629e+00,5.620951e-02,5.986913e-02,6.656347e-02
Bag_105+1,Corel3vs5_data_105,0,9.441544e+00,8.097192e-02,3.089529e-01,6.595583e-01,5.047404e-01,3.973395e-01,1.485026e-02,1.866498e-03,2.720189e-02
Bag_105+2,Corel3vs5_data_105,0,5.830905e+00,-2.060890e-01,-9.601369e-01,9.205420e+00,9.079653e+00,6.119438e+00,4.939178e-02,4.714046e-02,5.273541e-02
Bag_106+1,Corel3vs5_data_106,0,9.441379e+00,1.023988e-01,5.342634e-01,6.127617e-01,5.170972e-01,3.337887e-01,1.752846e-02,2.520943e-03,2.731443e-02
Bag_106+2,Corel3vs5_data_106,0,6.406731e+00,2.262820e-01,4.441589e-01,7.879611e+00,9.563873e+00,4.603968e+00,4.107439e-02,5.496322e-02,6.352601e-02
Bag_107+1,Corel3vs5_data_107,0,9.424750e+00,1.748239e-01,4.023898e-01,5.692397e-01,4.366188e-01,3.539634e-01,1.289405e-02,1.255799e-03,2.698135e-02
Bag_107+2,Corel3vs5_data_107,0,6.332811e+00,1.492935e+00,3.511998e+00,1.018147e+01,9.181669e+00,6.653512e+00,3.965548e-02,2.854890e-02,4.001673e-02
Bag_108+1,Corel3vs5_data_108,0,9.389073e+00,1.919458e-01,2.638085e-01,5.632678e-01,7.807840e-01,3.514015e-01,-1.441933e-02,-8.834707e-03,2.432314e-02
Bag_108+2,Corel3vs5_data_108,0,6.724233e+00,3.286458e+00,2.353274e+00,9.217967e+00,8.079164e+00,5.678195e+00,1.147653e-01,9.274489e-02,7.833859e-02
Bag_109+1,Corel3vs5_data_109,0,9.252847e+00,2.453261e-01,4.200146e-01,1.003615e+00,9.380227e-01,6.375924e-01,6.584062e-02,2.277444e-02,3.316467e-02
Bag_109+2,Corel3vs5_data_109,0,5.862620e+00,5.008581e-01,1.386766e+00,6.515343e+00,7.201721e+00,4.801638e+00,-1.289492e-02,3.831142e-03,3.135817e-02
Bag_110+1,Corel3vs5_data_110,0,9.432068e+00,9.494142e-02,5.780877e-02,6.525704e-01,5.423806e-01,4.159895e-01,4.844585e-05,-1.490434e-03,2.662905e-02
Bag_110+2,Corel3vs5_data_110,0,6.032164e+00,-2.377425e-01,1.293338e+00,1.160576e+01,9.748422e+00,5.593796e+00,1.475491e-01,1.117542e-01,8.333156e-02
Bag_111+1,Corel3vs5_data_111,0,9.163792e+00,1.047377e-01,2.384534e-01,1.917928e+00,1.487115e+00,7.017528e-01,-4.537671e-04,-3.451824e-03,2.574152e-02
Bag_111+2,Corel3vs5_data_111,0,3.816108e+00,6.196559e+00,3.378350e-01,6.842478e+00,7.612187e+00,4.131839e+00,1.521192e-02,3.527571e-02,5.235409e-02
Bag_112+1,Corel3vs5_data_112,0,9.457388e+00,2.678082e-02,-4.348297e-03,5.686479e-01,4.714834e-01,3.849680e-01,2.797608e-02,1.830922e-02,3.467754e-02
Bag_112+2,Corel3vs5_data_112,0,7.983587e+00,9.085308e-01,1.817071e+00,4.264883e+00,3.776612e+00,2.702384e+00,1.845367e-02,1.745318e-02,3.594149e-02
Bag_113+1,Corel3vs5_data_113,0,9.363494e+00,-1.645322e-03,1.093317e-01,5.997277e-01,6.463678e-01,4.007224e-01,1.456179e-02,2.554892e-03,2.745428e-02
Bag_113+2,Corel3vs5_data_113,0,6.167837e+00,-5.299345e-01,9.766142e-01,6.630283e+00,8.819705e+00,4.987420e+00,2.579351e-02,3.210874e-02,4.462779e-02
Bag_114+1,Corel3vs5_data_114,0,9.412310e+00,1.101655e-01,3.262432e-01,1.245517e+00,6.169388e-01,4.278860e-01,-2.037750e-02,-1.077472e-02,2.385232e-02
Bag_114+2,Corel3vs5_data_114,0,6.880737e+00,4.376566e+00,3.596760e+00,8.758766e+00,7.832778e+00,5.108986e+00,2.182393e-01,1.859283e-01,1.375083e-01
Bag_115+1,Corel3vs5_data_115,0,9.391001e+00,1.142956e-01,3.793939e-01,7.570345e-01,8.307170e-01,5.890620e-01,6.825179e-03,-2.641687e-05,2.682285e-02
Bag_115+2,Corel3vs5_data_115,0,5.428578e+00,8.634003e-02,-4.484303e-01,1.354729e+01,1.067392e+01,7.728029e+00,1.076903e-01,7.947104e-02,6.644864e-02
Bag_116+1,Corel3vs5_data_116,0,9.400113e+00,8.740412e-02,2.669355e-01,5.758082e-01,4.803597e-01,3.476362e-01,-8.012314e-04,-2.946336e-03,2.599948e-02
Bag_116+2,Corel3vs5_data_116,0,6.565070e+00,5.096676e-01,1.131842e+00,1.159356e+01,7.425500e+00,4.789066e+00,1.100263e-01,8.927516e-02,7.403199e-02
Bag_117+1,Corel3vs5_data_117,0,9.450610e+00,6.244289e-02,2.034659e-01,5.840883e-01,5.041766e-01,4.285627e-01,-6.541804e-03,-5.718433e-03,2.520169e-02
Bag_117+2,Corel3vs5_data_117,0,6.493182e+00,-1.385483e-01,1.771551e+00,1.649387e+01,1.059608e+01,7.864432e+00,1.359555e-01,1.238902e-01,9.658231e-02
Bag_118+1,Corel3vs5_data_118,0,9.416296e+00,1.039216e-01,1.538693e-01,5.274789e-01,5.071702e-01,3.267414e-01,1.059529e-02,4.907008e-04,2.681044e-02
Bag_118+2,Corel3vs5_data_118,0,6.683034e+00,1.952738e-01,1.770497e+00,1.143145e+01,7.825807e+00,5.200791e+00,6.779214e-02,5.098568e-02,5.173220e-02
Bag_119+1,Corel3vs5_data_119,0,9.396558e+00,1.086006e-01,1.587204e-01,1.251418e+00,4.457341e-01,3.373628e-01,1.142118e-02,6.822688e-04,2.686011e-02
Bag_119+2,Corel3vs5_data_119,0,6.583845e+00,2.128086e+00,2.361718e+00,5.841640e+00,6.366667e+00,3.939668e+00,6.246712e-02,5.697902e-02,5.835797e-02
Bag_120+1,Corel3vs5_data_120,0,9.423077e+00,2.076807e-02,1.550914e-01,6.440238e-01,6.217853e-01,4.389383e-01,7.093606e-03,6.265176e-05,2.683932e-02
Bag_120+2,Corel3vs5_data_120,0,6.288741e+00,-1.859668e-01,2.268358e+00,1.113179e+01,8.835836e+00,5.567358e+00,9.914713e-02,7.489406e-02,6.397974e-02
Bag_121+1,Corel3vs5_data_121,0,9.475206e+00,4.853368e-02,2.744886e-02,4.444054e-01,3.419427e-01,2.886451e-01,-4.137763e-03,-5.272440e-03,2.524118e-02
Bag_121+2,Corel3vs5_data_121,0,7.038771e+00,2.717618e-02,3.393053e+00,6.736095e+00,6.289109e+00,4.711979e+00,6.801403e-02,6.251191e-02,6.261119e-02
Bag_122+1,Corel3vs5_data_122,0,9.364922e+00,1.911196e-01,2.809382e-01,1.185465e+00,4.253339e-01,3.268768e-01,-6.878145e-03,-5.918189e-03,2.509582e-02
Bag_122+2,Corel3vs5_data_122,0,6.758683e+00,2.700181e+00,3.225778e+00,8.235278e+00,7.937821e+00,5.348953e+00,6.665254e-02,6.462845e-02,6.367963e-02
Bag_123+1,Corel3vs5_data_123,0,9.395120e+00,2.757085e-02,2.415422e-01,7.059752e-01,6.868910e-01,5.195611e-01,6.855769e-02,2.366437e-02,3.351288e-02
Bag_123+2,Corel3vs5_data_123,0,6.173421e+00,9.772959e-01,7.345369e-01,8.320116e+00,6.536670e+00,4.547833e+00,2.220265e-03,1.417829e-02,3.573878e-02
Bag_124+1,Corel3vs5_data_124,0,9.447794e+00,1.007190e-01,2.853316e-01,3.714786e-01,3.203619e-01,2.452447e-01,-1.461024e-02,-8.561369e-03,2.444097e-02
Bag_124+2,Corel3vs5_data_124,0,7.186172e+00,-6.896314e-01,2.530447e+00,1.294935e+01,6.729262e+00,4.677027e+00,1.577335e-01,1.292877e-01,1.018482e-01
Bag_125+1,Corel3vs5_data_125,0,9.405315e+00,4.143900e-02,4.068299e-02,7.623661e-01,5.642418e-01,4.652945e-01,2.028645e-02,8.234139e-03,2.981826e-02
Bag_125+2,Corel3vs5_data_125,0,7.079374e+00,1.391512e+00,1.992721e+00,6.153108e+00,6.451438e+00,4.333019e+00,6.655507e-02,4.420064e-02,4.773148e-02
Bag_126+1,Corel3vs5_data_126,0,9.264910e+00,-2.185063e-03,1.221906e-01,8.715453e-01,5.587360e-01,4.747041e-01,-5.991791e-03,-5.731516e-03,2.519139e-02
Bag_126+2,Corel3vs5_data_126,0,6.542596e+00,4.463308e-01,-5.581959e-01,1.173661e+01,5.300935e+00,4.068959e+00,1.381429e-01,1.204709e-01,9.595727e-02
Bag_127+1,Corel3vs5_data_127,0,9.426696e+00,9.409952e-02,2.525194e-01,7.691342e-01,6.566907e-01,5.361032e-01,6.410752e-02,2.227780e-02,3.305518e-02
Bag_127+2,Corel3vs5_data_127,0,5.878304e+00,2.266587e+00,1.118371e+00,8.128336e+00,8.598042e+00,5.869720e+00,-1.124927e-02,1.736870e-03,3.000675e-02
Bag_128+1,Corel3vs5_data_128,0,9.470773e+00,3.859310e-02,-6.207595e-04,5.721746e-01,4.912786e-01,3.733205e-01,2.929000e-03,-2.407446e-03,2.599171e-02
Bag_128+2,Corel3vs5_data_128,0,6.612836e+00,2.045480e+00,2.570376e+00,9.359663e+00,9.112704e+00,5.774884e+00,3.940823e-02,4.639838e-02,5.448902e-02
Bag_129+1,Corel3vs5_data_129,0,9.366788e+00,1.616497e-01,5.120607e-02,8.434614e-01,6.953955e-01,5.848532e-01,2.632167e-02,6.826933e-03,2.860621e-02
Bag_129+2,Corel3vs5_data_129,0,5.965112e+00,1.117263e+00,3.832747e-01,7.933311e+00,9.100902e+00,6.598399e+00,4.479901e-02,3.337784e-02,4.220529e-02
Bag_130+1,Corel3vs5_data_130,0,9.477534e+00,3.298959e-02,4.412105e-02,3.482643e-01,3.398307e-01,2.396907e-01,2.888649e-03,-1.330924e-03,2.644728e-02
Bag_130+2,Corel3vs5_data_130,0,6.744999e+00,1.829171e-01,2.633839e+00,5.560928e+00,6.103306e+00,4.026469e+00,6.853375e-02,5.526556e-02,5.684971e-02
Bag_131+1,Corel3vs5_data_131,0,9.386385e+00,1.571758e-01,6.171003e-02,6.641857e-01,5.838140e-01,4.447011e-01,5.307218e-03,-1.609008e-03,2.624472e-02
Bag_131+2,Corel3vs5_data_131,0,6.872173e+00,2.378878e+00,2.684348e+00,7.262756e+00,8.116949e+00,5.337422e+00,6.043264e-02,5.693895e-02,5.856758e-02
Bag_132+1,Corel3vs5_data_132,0,9.487865e+00,1.116021e-02,-1.262929e-02,4.184113e-01,2.855049e-01,2.736735e-01,4.665999e-03,2.353717e-03,2.839063e-02
Bag_132+2,Corel3vs5_data_132,0,8.352525e+00,2.499785e-01,1.085498e+00,3.888795e+00,3.369645e+00,2.464639e+00,1.007330e-01,5.867317e-02,5.336673e-02
Bag_133+1,Corel3vs5_data_133,0,9.337106e+00,1.560770e-01,2.275191e-01,8.431433e-01,6.226407e-01,4.617401e-01,-1.362617e-03,-4.061116e-03,2.563508e-02
Bag_133+2,Corel3vs5_data_133,0,6.000834e+00,2.930011e+00,2.644043e+00,8.570397e+00,7.584142e+00,5.338892e+00,5.693679e-02,6.377236e-02,6.543214e-02
Bag_134+1,Corel3vs5_data_134,0,9.468156e+00,4.795529e-02,2.998709e-02,4.105158e-01,3.445852e-01,2.737855e-01,1.097476e-02,6.705396e-03,2.983668e-02
Bag_134+2,Corel3vs5_data_134,0,7.597026e+00,1.672112e+00,1.937772e+00,5.825239e+00,4.537385e+00,3.306638e+00,4.007401e-02,2.971152e-02,4.243203e-02
Bag_135+1,Corel3vs5_data_135,0,9.445193e+00,8.237666e-02,2.433275e-01,4.939565e-01,4.356051e-01,3.651618e-01,-1.211673e-02,-7.558890e-03,2.470757e-02
Bag_135+2,Corel3vs5_data_135,0,6.679865e+00,1.108249e+00,1.976765e+00,9.558724e+00,9.433478e+00,7.441497e+00,9.500970e-02,8.581376e-02,7.758827e-02
Bag_136+1,Corel3vs5_data_136,0,9.437563e+00,1.078483e-01,1.963313e-01,5.839704e-01,4.345063e-01,3.728390e-01,-1.086766e-03,-3.860961e-03,2.567126e-02
Bag_136+2,Corel3vs5_data_136,0,7.122308e+00,1.127616e+00,3.358181e+00,8.374980e+00,7.741476e+00,5.503637e+00,5.474220e-02,4.993981e-02,5.387829e-02
Bag_137+1,Corel3vs5_data_137,0,9.373544e+00,1.329636e-01,8.832322e-02,7.692318e-01,5.634963e-01,4.745953e-01,2.025722e-02,3.426342e-03,2.755967e-02
Bag_137+2,Corel3vs5_data_137,0,6.165575e+00,4.225459e-01,1.785314e+00,7.147300e+00,7.022355e+00,4.724742e+00,3.021152e-02,3.886697e-02,5.038013e-02
Bag_138+1,Corel3vs5_data_138,0,9.477229e+00,3.602989e-02,1.548541e-02,4.359693e-01,3.721688e-01,2.932760e-01,2.739609e-02,1.335455e-02,3.219587e-02
Bag_138+2,Corel3vs5_data_138,0,8.112112e+00,7.802620e-01,1.685221e+00,3.166994e+00,3.135186e+00,2.317223e+00,5.480244e-02,3.066492e-02,4.045267e-02
Bag_139+1,Corel3vs5_data_139,0,9.399467e+00,8.637894e-02,2.241556e-01,7.782875e-01,5.845500e-01,4.503928e-01,3.566221e-03,-1.215364e-03,2.641978e-02
Bag_139+2,Corel3vs5_data_139,0,5.839260e+00,2.785661e+00,7.340652e-01,9.723092e+00,9.520429e+00,6.227970e+00,2.877421e-02,3.588941e-02,4.854337e-02
Bag_140+1,Corel3vs5_data_140,0,9.456690e+00,1.057440e-01,1.562432e-01,5.577074e-01,4.277188e-01,3.636895e-01,-1.037082e-02,-7.326415e-03,2.471563e-02
Bag_140+2,Corel3vs5_data_140,0,7.249187e+00,3.800963e-01,2.777177e+00,9.195822e+00,7.739560e+00,5.498847e+00,6.522694e-02,6.298378e-02,6.387503e-02
Bag_141+1,Corel3vs5_data_141,0,9.431034e+00,1.420867e-02,1.787671e-01,5.925969e-01,5.205368e-01,4.308894e-01,3.757578e-02,1.136277e-02,3.000549e-02
Bag_141+2,Corel3vs5_data_141,0,6.305506e+00,1.830156e-01,1.467681e-01,8.289258e+00,8.590458e+00,6.063867e+00,8.464616e-03,1.865621e-02,3.871073e-02
Bag_142+1,Corel3vs5_data_142,0,9.415435e+00,7.123269e-02,2.894464e-01,6.608058e-01,5.069584e-01,3.801677e-01,5.737519e-03,-3.257891e-04,2.670856e-02
Bag_142+2,Corel3vs5_data_142,0,6.697084e+00,1.189961e-01,2.035415e+00,8.314668e+00,7.102213e+00,5.389455e+00,4.116001e-02,4.598290e-02,5.355431e-02
Bag_143+1,Corel3vs5_data_143,0,9.428566e+00,9.369544e-02,1.547915e-01,6.422241e-01,5.330524e-01,4.196047e-01,1.106264e-02,3.991022e-04,2.675537e-02
Bag_143+2,Corel3vs5_data_143,0,6.280934e+00,1.863675e+00,2.426466e+00,8.651633e+00,7.385285e+00,5.221797e+00,4.845338e-02,4.264445e-02,4.819775e-02
Bag_144+1,Corel3vs5_data_144,0,9.360658e+00,2.133449e-01,4.234998e-01,7.329530e-01,6.331683e-01,4.270507e-01,1.818073e-02,2.991996e-03,2.747191e-02
Bag_144+2,Corel3vs5_data_144,0,5.810726e+00,2.034076e+00,1.594302e+00,7.537424e+00,9.466092e+00,5.517076e+00,2.848209e-02,3.424050e-02,4.697524e-02
Bag_145+1,Corel3vs5_data_145,0,9.330804e+00,5.718400e-02,3.355970e-01,8.721622e-01,6.372352e-01,4.938678e-01,-8.898791e-04,-3.487181e-03,2.575486e-02
Bag_145+2,Corel3vs5_data_145,0,5.900096e+00,3.281019e+00,1.622393e+00,8.307207e+00,8.487785e+00,5.690473e+00,3.882497e-02,4.173143e-02,5.041888e-02
Bag_146+1,Corel3vs5_data_146,0,9.440688e+00,1.193527e-01,4.098597e-01,6.305959e-01,4.951918e-01,4.480795e-01,3.808435e-02,1.095043e-02,2.977341e-02
Bag_146+2,Corel3vs5_data_146,0,6.395758e+00,8.202728e-01,9.698696e-01,9.500663e+00,8.704441e+00,6.769153e+00,2.616747e-03,1.669718e-02,3.778221e-02
Bag_147+1,Corel3vs5_data_147,0,9.397976e+00,1.394088e-01,2.032199e-01,5.944045e-01,5.303925e-01,4.074308e-01,2.953906e-03,-2.511216e-03,2.597849e-02
Bag_147+2,Corel3vs5_data_147,0,6.367994e+00,2.557963e+00,3.174281e+00,8.137977e+00,8.927935e+00,5.635452e+00,4.290813e-02,4.384189e-02,5.059040e-02
Bag_148+1,Corel3vs5_data_148,0,9.441529e+00,9.192302e-02,1.217864e-01,5.665877e-01,5.461800e-01,4.471926e-01,3.013816e-02,7.899528e-03,2.882249e-02
Bag_148+2,Corel3vs5_data_148,0,6.828811e+00,1.433821e+00,2.901847e+00,5.975749e+00,6.714335e+00,4.924500e+00,2.071690e-02,1.970329e-02,3.708878e-02
Bag_149+1,Corel3vs5_data_149,0,9.420823e+00,9.677342e-03,-5.086228e-02,5.879601e-01,4.820855e-01,4.274505e-01,8.925882e-03,-3.646851e-06,2.667565e-02
Bag_149+2,Corel3vs5_data_149,0,6.278573e+00,4.822042e-01,8.603996e-02,9.770178e+00,9.099083e+00,6.871863e+00,6.528272e-02,4.519695e-02,4.848839e-02
Bag_150+1,Corel3vs5_data_150,0,9.401496e+00,1.434629e-01,2.145920e-01,7.161782e-01,6.617029e-01,4.726236e-01,4.887685e-02,1.520489e-02,3.097458e-02
Bag_150+2,Corel3vs5_data_150,0,6.067459e+00,5.572632e-01,2.001144e+00,6.418672e+00,6.857358e+00,4.489100e+00,3.933401e-03,1.392221e-02,3.587399e-02
Bag_151+1,Corel3vs5_data_151,0,9.413142e+00,1.688044e-01,4.680601e-01,6.226320e-01,4.145324e-01,3.443909e-01,-2.959791e-03,-4.747197e-03,2.537170e-02
Bag_151+2,Corel3vs5_data_151,0,6.329253e+00,1.949421e+00,3.526317e+00,6.674417e+00,6.766004e+00,3.882388e+00,5.142144e-02,5.255745e-02,5.752150e-02
Bag_152+1,Corel3vs5_data_152,0,9.351814e+00,1.789366e-01,2.459185e-01,8.012122e-01,5.595423e-01,4.718558e-01,-5.485680e-03,-5.828505e-03,2.506341e-02
Bag_152+2,Corel3vs5_data_152,0,5.370930e+00,8.132648e-01,-2.785250e-01,1.079277e+01,1.056686e+01,7.071620e+00,8.213072e-02,8.645400e-02,8.320612e-02
Bag_153+1,Corel3vs5_data_153,0,9.325924e+00,1.708602e-01,1.004817e-01,8.782255e-01,6.013141e-01,4.595057e-01,1.055665e-02,1.728151e-04,2.674493e-02
Bag_153+2,Corel3vs5_data_153,0,5.536361e+00,1.181026e+00,1.976538e+00,1.041737e+01,1.019606e+01,7.344798e+00,3.577084e-02,4.900953e-02,5.756198e-02
Bag_154+1,Corel3vs5_data_154,0,9.438151e+00,6.942716e-02,5.483506e-02,7.391073e-01,5.120604e-01,4.649247e-01,-7.535503e-03,-6.095198e-03,2.505429e-02
Bag_154+2,Corel3vs5_data_154,0,5.483585e+00,6.433364e-01,3.309834e-01,1.245631e+01,9.647016e+00,8.166945e+00,1.059840e-01,7.496908e-02,6.324552e-02
Bag_155+1,Corel3vs5_data_155,0,9.370889e+00,7.609435e-02,6.927150e-02,7.881171e-01,6.724252e-01,4.842635e-01,-1.163336e-02,-7.303303e-03,2.477155e-02
Bag_155+2,Corel3vs5_data_155,0,4.952137e+00,-7.148613e-02,5.837893e-01,9.930785e+00,1.114649e+01,6.389707e+00,8.949864e-02,9.174035e-02,8.564107e-02
Bag_156+1,Corel3vs5_data_156,0,9.280161e+00,2.536451e-01,4.796290e-01,1.052937e+00,1.008700e+00,7.380373e-01,5.307836e-02,1.747174e-02,3.161617e-02
Bag_156+2,Corel3vs5_data_156,0,5.154210e+00,2.307920e+00,2.603640e+00,7.303802e+00,8.166750e+00,5.125821e+00,-1.613791e-02,1.363216e-03,3.019584e-02
Bag_157+1,Corel3vs5_data_157,0,9.452708e+00,2.047426e-02,6.902829e-02,4.590670e-01,5.790176e-01,3.694363e-01,-1.789418e-03,-4.271493e-03,2.551749e-02
Bag_157+2,Corel3vs5_data_157,0,5.651053e+00,1.920905e+00,2.185693e+00,9.799413e+00,1.197054e+01,7.312209e+00,4.163530e-02,3.802880e-02,4.748669e-02
Bag_158+1,Corel3vs5_data_158,0,9.408983e+00,9.269447e-02,1.235843e-01,6.889118e-01,5.656169e-01,4.445885e-01,1.963440e-02,3.394477e-03,2.755139e-02
Bag_158+2,Corel3vs5_data_158,0,6.618958e+00,1.515909e+00,2.752262e+00,5.557677e+00,6.031829e+00,3.681440e+00,2.832670e-02,3.110188e-02,4.397392e-02
Bag_159+1,Corel3vs5_data_159,0,9.367651e+00,6.175365e-02,-2.700133e-02,1.684733e+00,1.206245e+00,1.027152e+00,2.628596e-02,1.563101e-02,3.324453e-02
Bag_159+2,Corel3vs5_data_159,0,7.745734e+00,1.854774e+00,2.624743e+00,4.255969e+00,3.804892e+00,2.478312e+00,1.854508e-02,1.773505e-02,3.656021e-02
Bag_160+1,Corel3vs5_data_160,0,9.472917e+00,8.010534e-02,-3.941579e-02,5.168967e-01,4.072273e-01,3.683698e-01,3.322015e-02,1.885355e-02,3.442618e-02
Bag_160+2,Corel3vs5_data_160,0,7.710963e+00,1.750918e+00,1.908620e+00,5.594943e+00,4.961458e+00,3.635250e+00,1.744947e-02,1.536516e-02,3.512446e-02
Bag_161+1,Corel3vs5_data_161,0,9.458208e+00,7.629763e-02,7.955042e-02,5.712795e-01,5.089074e-01,3.798351e-01,-3.259703e-03,-4.781528e-03,2.538192e-02
Bag_161+2,Corel3vs5_data_161,0,6.375393e+00,2.579467e+00,2.980792e+00,8.983331e+00,9.629159e+00,6.277319e+00,5.894743e-02,5.681834e-02,5.799385e-02
Bag_162+1,Corel3vs5_data_162,0,9.293208e+00,3.048324e-01,4.124439e-01,8.334818e-01,5.501608e-01,3.958060e-01,9.353452e-03,1.780290e-04,2.679584e-02
Bag_162+2,Corel3vs5_data_162,0,5.400888e+00,2.196774e+00,1.929463e+00,9.412974e+00,8.332776e+00,5.064018e+00,2.981913e-02,3.067284e-02,4.510482e-02
Bag_163+1,Corel3vs5_data_163,0,9.460072e+00,6.851657e-02,3.355799e-02,5.819948e-01,4.036351e-01,3.423050e-01,3.565436e-02,2.013326e-02,3.488764e-02
Bag_163+2,Corel3vs5_data_163,0,7.662981e+00,1.915348e+00,1.786097e+00,4.579730e+00,3.596069e+00,2.728321e+00,7.296428e-03,1.302421e-02,3.451985e-02
Bag_164+1,Corel3vs5_data_164,0,9.484080e+00,3.749711e-02,-4.370813e-02,4.326726e-01,3.733938e-01,3.243631e-01,8.609034e-03,3.506276e-03,2.869569e-02
Bag_164+2,Corel3vs5_data_164,0,8.174545e+00,8.985503e-01,2.202682e+00,4.074111e+00,3.489699e+00,2.452073e+00,1.028932e-01,5.990545e-02,5.287113e-02
Bag_165+1,Corel3vs5_data_165,0,9.408171e+00,9.931974e-02,-5.119335e-04,8.267251e-01,7.626710e-01,5.395011e-01,-1.052710e-02,-6.554331e-03,2.504520e-02
Bag_165+2,Corel3vs5_data_165,0,5.171061e+00,3.842854e+00,1.424638e+00,8.984425e+00,1.029846e+01,5.597523e+00,1.430240e-01,1.045158e-01,7.870740e-02
Bag_166+1,Corel3vs5_data_166,0,9.405368e+00,9.353980e-02,1.603696e-01,8.448138e-01,6.446905e-01,4.638504e-01,2.087840e-03,-2.644274e-03,2.596849e-02
Bag_166+2,Corel3vs5_data_166,0,5.630952e+00,2.232392e+00,2.384059e+00,9.352009e+00,8.989318e+00,5.215714e+00,1.013076e-01,7.859751e-02,6.809415e-02
Bag_167+1,Corel3vs5_data_167,0,9.461989e+00,1.780285e-02,3.378284e-02,6.417074e-01,4.791153e-01,4.293121e-01,1.952974e-02,8.319440e-03,3.030032e-02
Bag_167+2,Corel3vs5_data_167,0,8.038736e+00,4.842720e-01,1.916767e+00,4.584011e+00,4.521674e+00,2.983829e+00,9.146858e-02,4.767315e-02,4.658613e-02
Bag_168+1,Corel3vs5_data_168,0,9.444785e+00,1.084936e-01,1.563691e-01,6.067876e-01,4.867921e-01,3.611358e-01,-2.665441e-03,-4.170920e-03,2.557351e-02
Bag_168+2,Corel3vs5_data_168,0,6.024051e+00,8.646598e-01,2.275166e+00,7.993575e+00,7.956511e+00,4.742634e+00,9.100227e-02,6.866489e-02,6.033972e-02
Bag_169+1,Corel3vs5_data_169,0,9.318948e+00,2.176664e-01,1.523167e-01,7.994454e-01,6.490651e-01,4.509200e-01,2.976676e-03,-2.801505e-03,2.586240e-02
Bag_169+2,Corel3vs5_data_169,0,5.606783e+00,-1.656626e-01,-1.367886e+00,8.925319e+00,9.319492e+00,5.658769e+00,5.188966e-02,4.854634e-02,5.497294e-02
Bag_170+1,Corel3vs5_data_170,0,9.461794e+00,6.486859e-02,6.697990e-02,3.725658e-01,4.072766e-01,2.716464e-01,-1.478664e-02,-9.310877e-03,2.415723e-02
Bag_170+2,Corel3vs5_data_170,0,6.236390e+00,1.156095e+00,2.207567e+00,7.570256e+00,1.070032e+01,5.445437e+00,4.775381e-02,5.225515e-02,5.698565e-02
Bag_171+1,Corel3vs5_data_171,0,9.421861e+00,6.196830e-02,1.101848e-01,5.859854e-01,5.181730e-01,3.921823e-01,3.148859e-02,8.051027e-03,2.887971e-02
Bag_171+2,Corel3vs5_data_171,0,6.492770e+00,1.085064e+00,1.903382e+00,6.845795e+00,8.005022e+00,5.128972e+00,2.495098e-03,1.489882e-02,3.720569e-02
Bag_172+1,Corel3vs5_data_172,0,9.344910e+00,1.071911e-01,-3.625169e-02,8.440756e-01,5.761254e-01,4.146369e-01,1.134415e-02,1.789236e-05,2.659707e-02
Bag_172+2,Corel3vs5_data_172,0,5.388140e+00,3.288551e+00,1.848263e+00,8.314489e+00,7.781915e+00,4.819174e+00,1.718244e-02,3.370020e-02,4.878649e-02
Bag_173+1,Corel3vs5_data_173,0,9.397039e+00,1.701340e-01,2.290349e-01,7.044446e-01,4.908564e-01,3.667855e-01,-5.521462e-03,-5.657712e-03,2.512806e-02
Bag_173+2,Corel3vs5_data_173,0,5.526388e+00,7.151255e-01,-2.765294e-01,1.012461e+01,9.917187e+00,6.014647e+00,6.458302e-02,6.577924e-02,6.731200e-02
Bag_174+1,Corel3vs5_data_174,0,9.387592e+00,1.312081e-01,1.587168e-01,6.468930e-01,5.762255e-01,4.554757e-01,2.210631e-03,-1.905388e-03,2.628549e-02
Bag_174+2,Corel3vs5_data_174,0,5.879274e+00,1.222942e-01,3.822928e-02,7.690047e+00,9.061743e+00,5.381843e+00,6.836919e-02,5.202547e-02,5.374935e-02
Bag_175+1,Corel3vs5_data_175,0,9.395766e+00,1.669581e-01,2.360557e-01,7.098373e-01,5.216081e-01,3.882934e-01,-1.829190e-02,-1.035496e-02,2.392008e-02
Bag_175+2,Corel3vs5_data_175,0,6.100906e+00,4.362198e+00,2.407407e+00,9.250022e+00,9.974745e+00,5.630683e+00,8.000901e-02,9.054907e-02,8.637642e-02
Bag_176+1,Corel3vs5_data_176,0,9.368629e+00,2.108123e-01,2.519649e-01,1.503749e+00,5.979091e-01,4.085568e-01,3.563109e-02,9.614540e-03,2.930523e-02
Bag_176+2,Corel3vs5_data_176,0,5.165823e+00,3.437248e+00,2.286367e+00,7.609288e+00,7.369699e+00,4.488587e+00,-2.132554e-02,5.504289e-03,3.382564e-02
Bag_177+1,Corel3vs5_data_177,0,9.337671e+00,2.242561e-01,3.882702e-01,8.818006e-01,6.710928e-01,5.158960e-01,-7.103116e-03,-6.048643e-03,2.503096e-02
Bag_177+2,Corel3vs5_data_177,0,5.933583e+00,4.458574e-01,-6.354106e-01,7.790999e+00,8.747617e+00,4.483270e+00,1.035263e-01,8.348157e-02,7.396524e-02
Bag_178+1,Corel3vs5_data_178,0,9.442426e+00,3.312228e-02,-1.091164e-01,4.804839e-01,3.763032e-01,2.610965e-01,-1.741642e-03,-3.256524e-03,2.591388e-02
Bag_178+2,Corel3vs5_data_178,0,7.043308e+00,1.342924e+00,1.039043e+00,5.026529e+00,4.916349e+00,2.985890e+00,4.298550e-02,4.830152e-02,5.510733e-02
Bag_179+1,Corel3vs5_data_179,0,9.369460e+00,4.841597e-02,-5.292747e-03,7.252235e-01,5.432634e-01,4.501548e-01,-2.171422e-03,-2.542960e-03,2.643541e-02
Bag_179+2,Corel3vs5_data_179,0,7.169511e+00,1.574369e+00,2.087629e+00,5.651561e+00,5.243233e+00,3.647013e+00,1.864424e-01,1.138037e-01,8.024377e-02
Bag_180+1,Corel3vs5_data_180,0,9.450137e+00,5.170415e-02,4.503719e-02,6.560090e-01,5.175828e-01,4.207632e-01,1.321020e-02,5.979969e-03,2.935363e-02
Bag_180+2,Corel3vs5_data_180,0,7.726649e+00,1.809002e+00,2.062524e+00,4.404254e+00,4.297462e+00,2.588335e+00,6.868277e-02,4.269774e-02,4.715984e-02
Bag_181+1,Corel3vs5_data_181,0,9.438030e+00,1.080451e-01,1.174285e-01,5.628212e-01,4.560784e-01,3.922346e-01,6.674876e-03,-1.250619e-03,2.636343e-02
Bag_181+2,Corel3vs5_data_181,0,5.993140e+00,1.123967e+00,6.321553e-01,8.358240e+00,8.214159e+00,5.471257e+00,3.709120e-02,3.968165e-02,4.884552e-02
Bag_182+1,Corel3vs5_data_182,0,9.458372e+00,7.047107e-02,7.761343e-02,5.420620e-01,4.065423e-01,3.572583e-01,-4.190654e-03,-5.065031e-03,2.533079e-02
Bag_182+2,Corel3vs5_data_182,0,6.315911e+00,6.552251e-01,7.654318e-01,9.729172e+00,1.065458e+01,6.980897e+00,4.453349e-02,5.391743e-02,5.976808e-02
Bag_183+1,Corel3vs5_data_183,0,9.292192e+00,2.376068e-01,2.626663e-01,7.394801e-01,6.388584e-01,4.911788e-01,9.824154e-03,3.659387e-04,2.677977e-02
Bag_183+2,Corel3vs5_data_183,0,6.021787e+00,1.484249e+00,2.366353e+00,6.759905e+00,8.174588e+00,4.980410e+00,5.613273e-02,4.846334e-02,5.228122e-02
Bag_184+1,Corel3vs5_data_184,0,9.400294e+00,1.568342e-01,4.738007e-02,6.317317e-01,4.853050e-01,3.931845e-01,1.182069e-03,-3.011056e-03,2.587164e-02
Bag_184+2,Corel3vs5_data_184,0,6.442249e+00,2.683291e-01,-9.632997e-01,8.321731e+00,8.894564e+00,5.856043e+00,6.215703e-02,6.306385e-02,6.566382e-02
Bag_185+1,Corel3vs5_data_185,0,9.407587e+00,1.619988e-01,2.349761e-01,6.147308e-01,4.938528e-01,4.044007e-01,7.796803e-03,-8.622750e-04,2.643153e-02
Bag_185+2,Corel3vs5_data_185,0,5.991789e+00,3.311454e-01,-4.343162e-01,7.560851e+00,8.486169e+00,5.678662e+00,4.155649e-02,3.986203e-02,4.949378e-02
Bag_186+1,Corel3vs5_data_186,0,9.285600e+00,2.654090e-01,5.296922e-01,9.571822e-01,7.399563e-01,5.724138e-01,2.342217e-02,4.578638e-03,2.780970e-02
Bag_186+2,Corel3vs5_data_186,0,5.486272e+00,2.476513e+00,1.836542e+00,1.123668e+01,1.071020e+01,8.203360e+00,2.898204e-02,3.814512e-02,4.970554e-02
Bag_187+1,Corel3vs5_data_187,0,9.414682e+00,2.055352e-01,7.302944e-01,6.768990e-01,5.733964e-01,4.459277e-01,3.410519e-02,8.362428e-03,2.883349e-02
Bag_187+2,Corel3vs5_data_187,0,5.615245e+00,3.615608e-01,6.481265e-01,1.170318e+01,1.265871e+01,7.911374e+00,-8.279474e-03,1.727642e-02,3.979677e-02
Bag_188+1,Corel3vs5_data_188,0,9.415945e+00,1.431500e-01,3.308081e-01,6.009211e-01,4.909913e-01,3.867391e-01,7.579405e-03,-4.061737e-04,2.660189e-02
Bag_188+2,Corel3vs5_data_188,0,6.113166e+00,-4.558751e-01,7.968007e-01,8.962703e+00,1.008490e+01,6.483829e+00,3.582627e-02,4.384699e-02,5.304073e-02
Bag_189+1,Corel3vs5_data_189,0,9.450784e+00,8.180506e-02,1.688203e-01,4.699881e-01,4.346634e-01,3.058418e-01,1.655006e-02,2.650012e-03,2.738152e-02
Bag_189+2,Corel3vs5_data_189,0,6.665042e+00,-4.775940e-01,3.287251e+00,7.077636e+00,7.056306e+00,4.153757e+00,3.038573e-02,2.865570e-02,4.217919e-02
Bag_190+1,Corel3vs5_data_190,0,9.428411e+00,1.375024e-01,1.638041e-01,6.273991e-01,4.848449e-01,3.775989e-01,-1.983772e-04,-3.551030e-03,2.576750e-02
Bag_190+2,Corel3vs5_data_190,0,5.818845e+00,1.286745e+00,1.439405e+00,1.005228e+01,8.079171e+00,5.656930e+00,4.499282e-02,4.704197e-02,5.416077e-02
Bag_191+1,Corel3vs5_data_191,0,9.464492e+00,2.235757e-02,3.807817e-03,4.306571e-01,4.590082e-01,3.418069e-01,3.284182e-02,1.345102e-02,3.153559e-02
Bag_191+2,Corel3vs5_data_191,0,7.801775e+00,4.755802e-01,1.499307e+00,4.308672e+00,4.297390e+00,2.886635e+00,7.374884e-02,3.723207e-02,4.205383e-02
Bag_192+1,Corel3vs5_data_192,0,9.394358e+00,1.177622e-01,1.287519e-01,6.281465e-01,4.412189e-01,3.253828e-01,-1.289440e-03,-3.910233e-03,2.567803e-02
Bag_192+2,Corel3vs5_data_192,0,5.869367e+00,2.960478e+00,1.727083e+00,8.073128e+00,7.329566e+00,4.917696e+00,4.503962e-02,4.362733e-02,5.131900e-02
Bag_193+1,Corel3vs5_data_193,0,9.316256e+00,2.263602e-01,2.719333e-01,7.807798e-01,5.369352e-01,4.187322e-01,2.959965e-03,-1.577132e-03,2.636362e-02
Bag_193+2,Corel3vs5_data_193,0,5.326386e+00,9.604541e-01,4.809068e-01,9.031600e+00,8.451120e+00,5.885674e+00,3.846795e-02,3.681933e-02,4.686984e-02
Bag_194+1,Corel3vs5_data_194,0,9.467895e+00,3.647086e-02,5.513232e-03,4.780990e-01,3.826962e-01,3.191845e-01,1.955954e-02,1.172550e-02,3.214604e-02
Bag_194+2,Corel3vs5_data_194,0,8.508432e+00,1.252494e+00,2.421954e+00,2.787278e+00,2.080534e+00,1.416411e+00,3.565175e-02,2.934894e-02,4.058416e-02
Bag_195+1,Corel3vs5_data_195,0,9.386478e+00,1.386747e-01,2.673782e-01,7.144343e-01,5.534199e-01,4.523532e-01,-1.444451e-02,-8.748014e-03,2.435272e-02
Bag_195+2,Corel3vs5_data_195,0,6.078852e+00,2.223135e+00,2.165198e+00,8.519290e+00,8.107087e+00,5.077540e+00,2.717328e-02,4.010309e-02,5.103466e-02
Bag_196+1,Corel3vs5_data_196,0,9.471525e+00,3.679463e-02,-4.044944e-03,4.855461e-01,3.740096e-01,2.971944e-01,1.784347e-02,1.027270e-02,3.116264e-02
Bag_196+2,Corel3vs5_data_196,0,7.966062e+00,7.345898e-01,2.108988e+00,3.520567e+00,3.622012e+00,2.198488e+00,4.737215e-02,3.115560e-02,4.173969e-02
Bag_197+1,Corel3vs5_data_197,0,9.418789e+00,1.819420e-01,2.789268e-01,5.981213e-01,5.326744e-01,3.805951e-01,-3.873632e-03,-5.611768e-03,2.512683e-02
Bag_197+2,Corel3vs5_data_197,0,6.298550e+00,6.375796e-01,1.734653e+00,9.845027e+00,9.595186e+00,5.896708e+00,5.084764e-02,6.887062e-02,7.187387e-02
Bag_198+1,Corel3vs5_data_198,0,9.347189e+00,2.128816e-01,3.603654e-01,5.698118e-01,5.071080e-01,3.398806e-01,3.441419e-03,-2.772427e-03,2.588118e-02
Bag_198+2,Corel3vs5_data_198,0,6.517144e+00,2.289875e+00,2.657559e+00,6.934193e+00,6.752684e+00,4.467268e+00,2.154587e-03,2.916411e-02,4.881905e-02
Bag_199+1,Corel3vs5_data_199,0,9.459471e+00,7.253742e-02,2.691733e-01,5.084968e-01,3.959444e-01,3.046589e-01,-3.727426e-03,-4.642800e-03,2.550363e-02
Bag_199+2,Corel3vs5_data_199,0,6.305436e+00,6.176079e-01,-3.727159e-01,8.548699e+00,7.587318e+00,5.450212e+00,5.457496e-02,4.714818e-02,5.207094e-02
Bag_200+1,Corel3vs5_data_200,0,9.417908e+00,9.308527e-02,1.853362e-01,6.366947e-01,5.254295e-01,3.555817e-01,1.367497e-02,1.662576e-03,2.721664e-02
Bag_200+2,Corel3vs5_data_200,0,6.389686e+00,5.628539e-01,3.286581e+00,7.670945e+00,8.139530e+00,5.330565e+00,2.503193e-02,3.326381e-02,4.588011e-02
