Bag_1+1,Corel2vs5_data_1,1,5.573042e+00,1.100841e+00,-1.333491e-01,1.082036e+01,1.038977e+01,5.349738e+00,4.154804e-01,3.345754e-01,2.306460e-01
Bag_1+2,Corel2vs5_data_1,1,2.856604e+00,2.078377e+00,-6.427985e-01,1.013069e+01,1.012948e+01,5.681001e+00,4.411888e-01,4.618750e-01,4.120666e-01
Bag_1+3,Corel2vs5_data_1,1,6.834335e+00,-2.108191e-01,-6.565351e-01,5.232471e+00,4.928102e+00,2.533641e+00,2.228548e-01,1.445223e-01,9.784774e-02
Bag_1+4,Corel2vs5_data_1,1,6.416903e+00,5.623038e+00,2.447807e+00,3.727840e+00,3.143822e+00,1.682284e+00,6.028027e-01,5.032570e-01,3.244115e-01
Bag_1+5,Corel2vs5_data_1,1,6.582651e+00,-2.098924e+00,-4.598677e+00,2.295631e+00,2.072071e+00,1.366890e+00,2.438632e-01,2.650537e-01,2.312221e-01
Bag_1+6,Corel2vs5_data_1,1,7.030938e+00,2.059508e+00,1.307590e+00,6.118065e+00,7.503668e+00,3.316879e+00,3.524629e-01,2.669843e-01,1.702286e-01
Bag_1+7,Corel2vs5_data_1,1,8.488246e+00,6.499814e-01,-1.676617e-01,5.092289e+00,6.585440e+00,2.702728e+00,1.856067e-01,1.464425e-01,1.053729e-01
Bag_1+8,Corel2vs5_data_1,1,8.019550e+00,2.946512e+00,7.048292e+00,3.546232e+00,3.990380e+00,1.732373e+00,-1.320153e-02,3.693251e-03,3.122398e-02
Bag_1+9,Corel2vs5_data_1,1,4.549914e+00,6.273707e-02,-1.895948e+00,1.068844e+01,9.903586e+00,5.359857e+00,6.154315e-01,6.712952e-01,6.470205e-01
Bag_1+10,Corel2vs5_data_1,1,4.170872e+00,4.337466e+00,5.788436e-01,8.599865e+00,7.911665e+00,4.369020e+00,3.345489e-01,2.537712e-01,1.721382e-01
Bag_2+1,Corel2vs5_data_2,1,4.955137e+00,3.229599e+00,1.194677e+00,7.141168e+00,8.758142e+00,4.469266e+00,1.017357e-01,7.523380e-02,6.541240e-02
Bag_2+2,Corel2vs5_data_2,1,7.341316e+00,-3.175328e+00,-3.538045e+00,7.711572e-01,4.105469e-01,3.468114e-01,-1.892639e-02,-2.716362e-03,2.776136e-02
Bag_2+3,Corel2vs5_data_2,1,8.708844e+00,-1.990096e-01,-5.876546e-02,3.067952e+00,2.755311e+00,1.914347e+00,-3.253004e-02,-1.581815e-02,2.224227e-02
Bag_3+1,Corel2vs5_data_3,1,7.841962e+00,-1.507813e+00,-8.750666e-01,1.630706e+00,1.069936e+00,6.688870e-01,6.956050e-02,5.562606e-02,5.409250e-02
Bag_3+2,Corel2vs5_data_3,1,6.539825e+00,-3.128962e+00,-2.462135e+00,9.827780e-01,7.175328e-01,4.886542e-01,7.609155e-02,7.765624e-02,7.231385e-02
Bag_3+3,Corel2vs5_data_3,1,7.900294e+00,2.498755e-02,6.247984e-01,4.039672e+00,2.921716e+00,1.998915e+00,1.979265e-02,2.965681e-02,4.263826e-02
Bag_4+1,Corel2vs5_data_4,1,5.356176e+00,-1.003617e+00,-3.162229e+00,1.645220e+00,5.686436e-01,5.436410e-01,2.148630e-02,3.278970e-02,4.473357e-02
Bag_4+2,Corel2vs5_data_4,1,6.404868e+00,1.473657e+00,1.341597e+00,6.263688e+00,4.379285e+00,3.016371e+00,1.683733e-01,1.048295e-01,7.680672e-02
Bag_4+3,Corel2vs5_data_4,1,3.815646e+00,-2.253929e+00,-5.578197e+00,1.106626e+00,4.437972e-01,3.710532e-01,2.901927e-02,2.953537e-02,4.098471e-02
Bag_4+4,Corel2vs5_data_4,1,8.163911e+00,7.313153e-01,1.006044e+00,1.889373e+00,1.464766e+00,9.348676e-01,-2.860871e-02,-1.509377e-02,2.232718e-02
Bag_5+1,Corel2vs5_data_5,1,6.700961e+00,-8.602242e-01,-1.201977e+00,6.234463e+00,5.485410e+00,3.485101e+00,4.013276e-01,2.706535e-01,1.620726e-01
Bag_5+2,Corel2vs5_data_5,1,6.695267e+00,-3.393135e+00,-5.245165e+00,1.870713e+00,1.521011e+00,1.195040e+00,1.549530e-01,1.688394e-01,1.313336e-01
Bag_5+3,Corel2vs5_data_5,1,8.313582e+00,-2.620149e-01,-2.824373e-01,3.006460e+00,2.381523e+00,1.828246e+00,-3.532130e-02,-1.399351e-02,2.350628e-02
Bag_6+1,Corel2vs5_data_6,1,3.430524e+00,-3.359512e-01,7.438734e-01,1.739376e+00,2.370772e+00,1.017358e+00,5.206118e-01,4.842739e-01,3.808462e-01
Bag_6+2,Corel2vs5_data_6,1,3.881031e+00,2.127042e+00,-3.017119e+00,3.273394e+00,3.156818e+00,1.626380e+00,5.727773e-01,5.548834e-01,4.524960e-01
Bag_6+3,Corel2vs5_data_6,1,6.727121e+00,3.176964e+00,2.715695e+00,1.105465e+00,1.471173e+00,6.597667e-01,1.648140e-01,8.788652e-02,6.005604e-02
Bag_6+4,Corel2vs5_data_6,1,4.892660e+00,6.125837e+00,-3.125887e+00,3.916669e+00,3.924746e+00,2.177451e+00,1.655108e+00,2.634681e+00,3.585923e+00
Bag_6+5,Corel2vs5_data_6,1,4.176995e+00,-1.307680e+00,-1.782703e+00,1.759892e+00,1.932117e+00,8.920389e-01,1.603764e-02,4.005077e-02,7.541184e-02
Bag_6+6,Corel2vs5_data_6,1,5.450818e+00,5.078235e+00,-5.454212e+00,3.337081e+00,3.276103e+00,1.907938e+00,3.664452e-01,2.468937e-01,1.453407e-01
Bag_6+7,Corel2vs5_data_6,1,8.064353e+00,2.135373e+00,2.125643e+00,1.727968e+00,1.755199e+00,9.617583e-01,2.027660e-01,1.393115e-01,9.843988e-02
Bag_6+8,Corel2vs5_data_6,1,4.844146e+00,8.858456e+00,-1.838036e+00,3.180378e+00,3.278047e+00,1.920107e+00,7.505491e-01,6.952912e-01,5.436198e-01
Bag_6+9,Corel2vs5_data_6,1,4.697724e+00,1.664493e+00,1.611119e+00,1.908831e+00,2.799104e+00,9.580151e-01,5.659302e-01,4.570559e-01,3.073077e-01
Bag_6+10,Corel2vs5_data_6,1,6.549226e+00,3.213838e+00,-1.466242e+00,5.276166e+00,4.778071e+00,2.451007e+00,1.384250e+00,2.152595e+00,3.248368e+00
Bag_7+1,Corel2vs5_data_7,1,6.216123e+00,6.265378e-01,5.113740e-01,1.213917e+01,1.163210e+01,6.295103e+00,9.362058e-02,7.877372e-02,6.607702e-02
Bag_7+2,Corel2vs5_data_7,1,7.088000e+00,-2.052375e+00,-3.273466e+00,3.634782e+00,1.589118e+00,1.386495e+00,1.317785e-01,1.007579e-01,8.634532e-02
Bag_7+3,Corel2vs5_data_7,1,8.717362e+00,6.075467e-01,9.585210e-01,2.025467e+00,1.436489e+00,1.057026e+00,2.347359e-02,2.875956e-02,4.164674e-02
Bag_7+4,Corel2vs5_data_7,1,6.379847e+00,-3.926839e+00,-5.889941e+00,7.248039e-01,2.084923e-01,2.099952e-01,1.172060e-01,1.188624e-01,9.362798e-02
Bag_8+1,Corel2vs5_data_8,1,4.983544e+00,-8.831545e-02,6.206913e-01,1.397345e+01,1.236667e+01,7.683213e+00,1.946076e-01,1.420796e-01,1.004204e-01
Bag_8+2,Corel2vs5_data_8,1,7.376974e+00,-4.088380e+00,-2.367009e+00,7.566431e-01,4.445238e-01,3.501309e-01,8.063380e-02,8.429512e-02,7.298905e-02
Bag_8+3,Corel2vs5_data_8,1,7.900044e+00,4.666478e-01,7.310531e-01,8.070780e+00,6.246463e+00,4.441968e+00,2.800434e-02,2.956525e-02,4.165334e-02
Bag_8+4,Corel2vs5_data_8,1,8.138457e+00,-2.258041e+00,-1.025946e+00,2.022334e+00,1.855806e+00,1.158569e+00,4.715222e-02,5.176633e-02,5.629908e-02
Bag_9+1,Corel2vs5_data_9,1,4.462236e+00,1.065889e-01,2.329317e-02,7.049600e+00,5.121983e+00,3.417810e+00,3.964858e-01,2.711368e-01,1.752929e-01
Bag_9+2,Corel2vs5_data_9,1,7.744157e+00,1.807312e-01,1.558736e+00,2.765608e+00,1.858922e+00,1.413838e+00,2.646912e-02,8.528633e-03,2.939200e-02
Bag_9+3,Corel2vs5_data_9,1,6.602454e+00,3.133340e+00,1.614368e+00,5.005299e+00,3.611477e+00,2.519214e+00,9.699208e-02,4.767452e-02,4.378328e-02
Bag_10+1,Corel2vs5_data_10,1,1.597383e+00,4.491556e-01,-2.033153e-01,9.192697e+00,8.467725e+00,6.381589e+00,2.304212e-01,1.617055e-01,1.150279e-01
Bag_10+2,Corel2vs5_data_10,1,5.001667e+00,5.709793e-01,4.097383e-01,1.306585e+01,1.271151e+01,8.363486e+00,3.428417e-01,2.535391e-01,1.626815e-01
Bag_10+3,Corel2vs5_data_10,1,4.146766e+00,-2.029697e+00,-2.878619e+00,3.593924e+00,2.253832e+00,1.947142e+00,7.053014e-02,2.831404e-02,3.566316e-02
Bag_10+4,Corel2vs5_data_10,1,7.827917e+00,2.817723e-01,7.265975e-01,5.656176e+00,4.809585e+00,3.398597e+00,3.037870e-02,1.369380e-02,3.192581e-02
Bag_11+1,Corel2vs5_data_11,1,4.039983e+00,9.932149e-01,7.943779e-02,1.030970e+01,8.598852e+00,6.271303e+00,1.591586e-01,1.684686e-01,1.352479e-01
Bag_11+2,Corel2vs5_data_11,1,4.954909e+00,-2.997396e+00,-1.783094e+00,2.428168e+00,1.412774e+00,1.165151e+00,6.868609e-02,7.095560e-02,7.144189e-02
Bag_11+3,Corel2vs5_data_11,1,7.225457e+00,6.489593e-01,7.617791e-01,6.465290e+00,5.620917e+00,3.628215e+00,8.970146e-02,5.134316e-02,4.822335e-02
Bag_11+4,Corel2vs5_data_11,1,5.503266e+00,-3.283557e+00,-3.959821e+00,6.915765e-01,4.232960e-01,4.284068e-01,1.368141e-01,1.372773e-01,1.116430e-01
Bag_11+5,Corel2vs5_data_11,1,5.757393e+00,2.374754e+00,1.512752e+00,9.442961e+00,9.833332e+00,6.004197e+00,2.761145e-01,1.677693e-01,1.051756e-01
Bag_12+1,Corel2vs5_data_12,1,3.096902e+00,2.968750e-01,-5.821218e-01,6.902436e+00,9.136943e+00,5.354559e+00,1.867455e-01,1.291892e-01,9.103854e-02
Bag_12+2,Corel2vs5_data_12,1,5.709996e+00,-1.940622e+00,-4.586869e+00,2.155987e+00,2.874905e+00,1.704083e+00,2.946692e-01,1.723501e-01,1.043133e-01
Bag_12+3,Corel2vs5_data_12,1,6.191988e+00,7.595146e-01,2.886436e+00,5.339481e+00,4.908550e+00,3.466440e+00,4.683102e-01,3.028304e-01,1.668986e-01
Bag_12+4,Corel2vs5_data_12,1,7.200215e+00,-2.311490e+00,-2.321146e+00,2.265244e+00,1.864555e+00,1.194128e+00,1.847304e-01,1.430907e-01,1.131618e-01
Bag_12+5,Corel2vs5_data_12,1,4.663533e+00,-1.371850e+00,1.830450e+00,7.004632e+00,6.983248e+00,4.896990e+00,2.616764e-01,1.503575e-01,9.156500e-02
Bag_12+6,Corel2vs5_data_12,1,4.858801e+00,-3.082875e+00,-7.428027e+00,8.799573e-01,7.894667e-01,5.875730e-01,1.007311e-01,6.848061e-02,6.155397e-02
Bag_12+7,Corel2vs5_data_12,1,8.096373e+00,2.385902e-01,6.365501e-02,3.533962e+00,2.583593e+00,1.557323e+00,1.407107e-01,1.300311e-01,9.987956e-02
Bag_12+8,Corel2vs5_data_12,1,6.494500e+00,-4.447800e+00,-4.855679e+00,1.078012e+00,9.911926e-01,5.928313e-01,7.988834e-02,5.985795e-02,5.701251e-02
Bag_13+1,Corel2vs5_data_13,1,5.220566e+00,1.650023e+00,4.692869e-01,3.568607e+00,3.534052e+00,2.313731e+00,-2.284159e-02,-1.044262e-02,2.414561e-02
Bag_13+2,Corel2vs5_data_13,1,7.523098e+00,-2.511753e+00,-3.097694e+00,1.535098e+00,8.222194e-01,5.795395e-01,-2.285150e-02,-1.769902e-03,3.108933e-02
Bag_13+3,Corel2vs5_data_13,1,8.099583e+00,3.893589e-01,5.731601e-01,2.737932e+00,3.385301e+00,1.875263e+00,1.249277e-01,8.653780e-02,7.070683e-02
Bag_13+4,Corel2vs5_data_13,1,5.739388e+00,-3.831227e+00,-7.262255e+00,3.735043e-01,1.677214e-01,1.607897e-01,1.379892e-02,2.619154e-02,4.484177e-02
Bag_14+1,Corel2vs5_data_14,1,7.180116e+00,-9.148952e-01,-1.533896e+00,3.885069e+00,1.886271e+00,1.535489e+00,-3.496430e-02,-1.306056e-02,2.391558e-02
Bag_14+2,Corel2vs5_data_14,1,4.264223e+00,3.312625e-01,-2.184004e-01,1.573128e+01,1.456308e+01,1.211541e+01,1.312070e-01,1.506356e-01,1.193010e-01
Bag_15+1,Corel2vs5_data_15,1,2.527330e+00,3.428482e-01,1.224375e-01,1.104880e+01,1.077493e+01,8.343465e+00,4.237424e-01,4.257511e-01,3.321742e-01
Bag_15+2,Corel2vs5_data_15,1,4.759079e+00,-1.167002e+00,9.068792e-01,9.819551e+00,9.551651e+00,7.325990e+00,1.681996e-01,1.310230e-01,9.517603e-02
Bag_15+3,Corel2vs5_data_15,1,4.918521e+00,-1.950229e+00,-5.029636e+00,3.113555e+00,3.191190e+00,2.326051e+00,9.997253e-02,1.161171e-01,9.683847e-02
Bag_15+4,Corel2vs5_data_15,1,8.697565e+00,-4.596199e-01,-4.100265e-01,3.346704e+00,2.202840e+00,1.617530e+00,3.296039e-01,1.887251e-01,1.094977e-01
Bag_15+5,Corel2vs5_data_15,1,4.777909e+00,1.860064e+00,6.562923e-01,8.640990e+00,9.152690e+00,6.364716e+00,2.215323e-01,1.833179e-01,1.409851e-01
Bag_15+6,Corel2vs5_data_15,1,6.360887e+00,5.711562e-02,1.236145e+00,8.296503e+00,7.583548e+00,5.850408e+00,1.432721e-01,7.556026e-02,5.847180e-02
Bag_16+1,Corel2vs5_data_16,1,6.827257e+00,-3.037098e+00,-1.303042e+00,1.071741e+00,8.434709e-01,6.175648e-01,3.494446e-01,3.142011e-01,2.377428e-01
Bag_16+2,Corel2vs5_data_16,1,4.144579e+00,-2.614922e+00,1.702929e+00,6.075714e+00,5.682151e+00,3.965513e+00,1.837253e-01,1.499819e-01,1.083706e-01
Bag_16+3,Corel2vs5_data_16,1,8.480419e+00,3.055888e-01,3.984855e-01,2.585256e+00,2.050471e+00,1.215479e+00,4.534862e-02,5.604919e-02,5.767015e-02
Bag_16+4,Corel2vs5_data_16,1,5.910554e+00,-1.673598e+00,5.873819e-01,7.208128e+00,6.576892e+00,4.495394e+00,1.054460e-01,8.955456e-02,7.533021e-02
Bag_16+5,Corel2vs5_data_16,1,7.973801e+00,-1.204902e+00,-3.060858e-01,1.220405e+00,9.173884e-01,6.484861e-01,1.764985e-01,1.507198e-01,1.083686e-01
Bag_17+1,Corel2vs5_data_17,1,3.222643e+00,8.493897e-01,-1.165046e+00,9.741668e+00,8.034293e+00,4.654120e+00,1.113317e+00,1.472030e+00,1.876231e+00
Bag_17+2,Corel2vs5_data_17,1,5.863952e+00,2.444930e+00,1.405627e+00,9.945318e+00,7.264726e+00,4.623150e+00,1.759415e-01,1.032033e-01,7.585545e-02
Bag_17+3,Corel2vs5_data_17,1,5.160903e+00,-6.265762e-01,-3.600489e+00,2.936981e+00,1.377133e+00,1.179357e+00,4.635439e-02,2.594767e-02,3.892955e-02
Bag_17+4,Corel2vs5_data_17,1,7.568899e+00,1.207121e+00,6.968839e-01,6.301343e+00,5.342369e+00,3.119896e+00,8.016341e-02,3.746304e-02,3.991938e-02
Bag_17+5,Corel2vs5_data_17,1,5.685001e+00,7.597795e-01,-4.888374e-01,6.042139e+00,5.013737e+00,3.020382e+00,3.286402e-01,2.715961e-01,1.979532e-01
Bag_17+6,Corel2vs5_data_17,1,5.795223e+00,5.579824e+00,2.034054e+00,6.417452e+00,4.255809e+00,2.918794e+00,1.094471e-01,7.009104e-02,5.955493e-02
Bag_18+1,Corel2vs5_data_18,1,4.936121e+00,8.249152e-01,4.556412e-01,1.633459e+01,1.099934e+01,8.135008e+00,3.041322e-01,2.680745e-01,2.028065e-01
Bag_18+2,Corel2vs5_data_18,1,8.355097e+00,-1.039659e+00,-9.384346e-01,1.917125e+00,1.070325e+00,8.014292e-01,-1.255182e-02,4.164801e-03,3.110413e-02
Bag_18+3,Corel2vs5_data_18,1,7.991980e+00,2.869203e-01,3.624690e-01,6.399110e+00,4.510812e+00,3.379432e+00,6.431022e-02,4.903634e-02,5.001552e-02
Bag_19+1,Corel2vs5_data_19,1,5.987033e+00,-4.444629e-01,-1.314140e+00,3.487551e+00,2.008303e+00,1.589741e+00,2.281663e-02,1.727348e-02,3.584342e-02
Bag_19+2,Corel2vs5_data_19,1,8.309040e+00,-1.392022e-01,-1.196548e+00,1.893522e+00,1.078035e+00,7.784953e-01,9.093270e-02,6.715091e-02,5.710625e-02
Bag_19+3,Corel2vs5_data_19,1,6.794083e+00,8.698886e-01,5.194586e-01,1.021177e+01,6.871144e+00,4.444272e+00,5.049160e-02,3.297924e-02,4.336610e-02
Bag_20+1,Corel2vs5_data_20,1,4.179602e+00,-1.837957e+00,-5.526876e-01,8.009182e+00,6.280694e+00,4.269761e+00,1.617163e-02,2.413720e-02,4.063781e-02
Bag_20+2,Corel2vs5_data_20,1,8.480786e+00,4.209559e-01,1.164350e+00,3.733732e+00,3.239858e+00,2.129822e+00,-9.099179e-04,1.570729e-02,3.651176e-02
Bag_20+3,Corel2vs5_data_20,1,7.105194e+00,-2.219157e+00,-2.826632e+00,1.136195e+00,8.180028e-01,7.158900e-01,1.136861e-01,8.707774e-02,7.460264e-02
Bag_21+1,Corel2vs5_data_21,1,7.923591e+00,2.341832e-01,2.708521e-01,2.635477e+00,1.745270e+00,1.266431e+00,3.853072e-03,-5.264457e-04,2.679999e-02
Bag_21+2,Corel2vs5_data_21,1,5.856721e+00,-9.569935e-01,-1.097753e+00,3.663702e+00,2.236725e+00,1.558596e+00,1.932955e-01,1.300866e-01,8.653042e-02
Bag_22+1,Corel2vs5_data_22,1,7.665131e+00,4.445796e-01,1.666667e-01,6.520916e+00,5.532037e+00,3.187847e+00,7.059333e-02,6.356571e-02,5.777559e-02
Bag_22+2,Corel2vs5_data_22,1,5.204219e+00,1.915183e-01,-1.932586e+00,2.639944e+00,1.401789e+00,1.020695e+00,-1.694798e-02,-3.363935e-03,2.736727e-02
Bag_23+1,Corel2vs5_data_23,1,4.399739e+00,-1.148647e+00,-1.708677e-01,5.982344e+00,3.590351e+00,2.610564e+00,1.782513e-01,1.054242e-01,7.295959e-02
Bag_23+2,Corel2vs5_data_23,1,6.952248e+00,-2.816530e+00,-2.661979e+00,2.246992e+00,9.743836e-01,7.361565e-01,1.915762e-02,1.496828e-02,3.411216e-02
Bag_23+3,Corel2vs5_data_23,1,7.526323e+00,-1.274220e-01,-1.398078e-02,7.570935e+00,4.668769e+00,3.477817e+00,1.901595e-01,9.334984e-02,6.241454e-02
Bag_24+1,Corel2vs5_data_24,1,5.304548e+00,-1.998342e+00,-4.323521e+00,4.371181e+00,1.611811e+00,9.522650e-01,2.994704e-03,1.201045e-02,3.494791e-02
Bag_24+2,Corel2vs5_data_24,1,8.268224e+00,7.291094e-01,9.603359e-01,2.066123e+00,1.696630e+00,9.022314e-01,-3.735548e-02,-1.426574e-02,2.349579e-02
Bag_24+3,Corel2vs5_data_24,1,6.576883e+00,-7.809778e-01,-2.513464e+00,3.630785e+00,2.432799e+00,1.053889e+00,2.008642e-01,2.152295e-01,1.743410e-01
Bag_25+1,Corel2vs5_data_25,1,4.081452e+00,1.587956e+00,8.901034e-01,7.931259e+00,4.052428e+00,2.524132e+00,2.668462e-01,1.786303e-01,1.150359e-01
Bag_25+2,Corel2vs5_data_25,1,6.717023e+00,4.395085e-01,1.035455e+00,3.652312e+00,2.292188e+00,1.459797e+00,1.417722e-01,6.803704e-02,5.347685e-02
Bag_25+3,Corel2vs5_data_25,1,5.346742e+00,-1.216471e+00,-3.315401e+00,8.293905e+00,4.044073e+00,2.373966e+00,5.522587e-02,7.058088e-02,7.036132e-02
Bag_25+4,Corel2vs5_data_25,1,8.650387e+00,7.668135e-03,-1.479399e-01,1.547265e+00,7.323628e-01,5.981321e-01,9.594857e-02,5.242851e-02,4.932757e-02
Bag_26+1,Corel2vs5_data_26,1,5.564130e+00,-2.986708e+00,-1.622517e+00,2.912234e+00,1.259469e+00,9.016210e-01,1.427300e-01,1.258905e-01,9.490675e-02
Bag_26+2,Corel2vs5_data_26,1,5.836732e+00,5.492717e+00,4.192267e-01,4.106701e+00,4.664417e+00,2.554679e+00,5.029564e-01,3.812638e-01,2.342969e-01
Bag_26+3,Corel2vs5_data_26,1,6.586163e+00,-6.668712e-01,-1.215475e+00,1.232076e+00,5.136161e-01,3.896407e-01,1.159691e-01,7.723791e-02,6.324633e-02
Bag_26+4,Corel2vs5_data_26,1,7.984119e+00,-3.729001e-02,4.309101e-01,2.117255e+00,1.317798e+00,9.060606e-01,2.150544e-02,2.316760e-02,3.839164e-02
Bag_27+1,Corel2vs5_data_27,1,8.018784e+00,7.080021e-01,2.324769e+00,2.285407e+00,1.664323e+00,1.296916e+00,-1.407438e-04,3.733583e-03,3.025447e-02
Bag_27+2,Corel2vs5_data_27,1,7.628650e+00,-3.044748e+00,-3.388902e+00,6.174569e-01,2.674042e-01,2.242181e-01,-3.013777e-02,-1.117840e-02,2.457033e-02
Bag_28+1,Corel2vs5_data_28,1,7.574462e+00,2.339759e-02,-7.429636e-03,3.340516e+00,3.951992e+00,2.073631e+00,2.803398e-02,3.888876e-02,4.754219e-02
Bag_28+2,Corel2vs5_data_28,1,7.317744e+00,-1.406585e+00,-1.914682e+00,1.566232e+00,1.012078e+00,7.153261e-01,-1.040791e-02,3.882187e-05,2.852648e-02
Bag_29+1,Corel2vs5_data_29,1,2.292095e+00,-2.406250e-01,5.341137e-01,1.019918e+01,1.093064e+01,6.725696e+00,4.295108e-01,3.688481e-01,2.705026e-01
Bag_29+2,Corel2vs5_data_29,1,6.811722e+00,-1.257785e+00,-1.324158e+00,2.791638e+00,2.856158e+00,1.419261e+00,1.261473e-01,1.047752e-01,7.991590e-02
Bag_29+3,Corel2vs5_data_29,1,5.270236e+00,-1.540079e-01,1.793566e+00,8.981390e+00,9.371009e+00,5.602454e+00,4.625989e-01,3.271020e-01,1.914145e-01
Bag_29+4,Corel2vs5_data_29,1,8.363080e+00,1.649310e-01,3.887457e-01,3.607754e+00,3.222856e+00,1.780169e+00,2.768692e-02,2.115645e-02,3.668422e-02
Bag_30+1,Corel2vs5_data_30,1,4.553449e+00,6.530088e-02,1.052287e-01,8.639922e+00,6.626613e+00,4.120335e+00,1.942305e-01,1.724446e-01,1.276440e-01
Bag_30+2,Corel2vs5_data_30,1,7.574751e+00,5.253906e-01,1.943145e-01,4.012042e+00,2.799088e+00,1.953630e+00,1.340964e-01,6.744015e-02,5.199277e-02
Bag_30+3,Corel2vs5_data_30,1,6.269593e+00,-6.813666e-01,-7.278468e-01,2.415284e+00,1.405095e+00,1.126848e+00,3.974370e-02,3.176936e-02,4.093461e-02
Bag_31+1,Corel2vs5_data_31,1,8.266283e+00,-9.104870e-02,-5.713637e-01,1.357048e+00,4.378524e-01,3.560767e-01,-4.681243e-02,-2.136920e-02,2.082811e-02
Bag_31+2,Corel2vs5_data_31,1,7.182983e+00,6.673433e-01,2.943597e+00,3.592324e+00,2.271596e+00,1.976095e+00,-3.940143e-02,-1.678387e-02,2.244968e-02
Bag_32+1,Corel2vs5_data_32,1,8.211315e+00,3.909697e-01,1.260999e-02,1.037934e+00,5.780891e-01,4.753591e-01,-3.349344e-02,-1.435688e-02,2.315011e-02
Bag_32+2,Corel2vs5_data_32,1,3.941762e+00,3.606606e-01,5.873616e-01,4.608351e+00,4.331348e+00,2.845149e+00,-3.879207e-02,-1.546227e-02,2.298868e-02
Bag_33+1,Corel2vs5_data_33,1,5.624150e+00,1.286899e+00,1.656059e+00,7.452640e+00,8.136433e+00,5.551583e+00,2.363987e-01,1.289366e-01,8.188575e-02
Bag_33+2,Corel2vs5_data_33,1,7.299257e+00,-3.210435e-01,-2.117221e+00,1.916987e+00,1.747401e+00,1.136888e+00,9.288831e-02,6.224756e-02,5.606474e-02
Bag_33+3,Corel2vs5_data_33,1,8.621769e+00,4.205088e-01,7.797202e-01,3.090931e+00,1.902128e+00,1.414883e+00,1.234868e-01,1.480614e-01,1.248307e-01
Bag_33+4,Corel2vs5_data_33,1,5.927822e+00,-1.435089e+00,-5.272334e+00,6.282308e-01,5.115712e-01,3.728663e-01,3.062493e-03,1.521283e-02,4.001658e-02
Bag_33+5,Corel2vs5_data_33,1,6.567761e+00,1.013058e+00,4.212741e+00,6.276308e+00,6.070775e+00,5.088340e+00,9.649213e-02,4.444077e-02,4.184816e-02
Bag_34+1,Corel2vs5_data_34,1,3.210282e+00,3.805108e-01,4.278763e-01,8.236715e+00,8.159996e+00,6.510770e+00,4.786012e-01,4.342803e-01,3.284740e-01
Bag_34+2,Corel2vs5_data_34,1,6.983142e+00,-1.488909e+00,-2.965338e+00,2.240666e+00,1.556914e+00,1.173671e+00,1.375799e-01,8.501817e-02,6.670636e-02
Bag_34+3,Corel2vs5_data_34,1,8.841415e+00,1.820232e-02,2.451514e-01,2.383503e+00,2.082341e+00,1.648621e+00,-1.368391e-02,-1.374014e-03,2.820010e-02
Bag_34+4,Corel2vs5_data_34,1,5.777698e+00,-2.965897e+00,-5.016571e+00,1.304915e+00,7.070785e-01,5.989289e-01,-2.657281e-02,-1.109547e-02,2.401319e-02
Bag_34+5,Corel2vs5_data_34,1,5.486271e+00,-6.411007e-01,2.698039e+00,6.930894e+00,6.704764e+00,5.236308e+00,2.298059e-01,1.394365e-01,9.554815e-02
Bag_35+1,Corel2vs5_data_35,1,5.044091e+00,1.051068e+00,1.416099e+00,9.932327e+00,8.075809e+00,6.057596e+00,2.518617e-01,2.293495e-01,2.008204e-01
Bag_35+2,Corel2vs5_data_35,1,5.982398e+00,-9.634802e-01,-7.897369e-01,7.013571e+00,4.729789e+00,3.857264e+00,1.118272e-02,1.522531e-02,3.757197e-02
Bag_35+3,Corel2vs5_data_35,1,7.868665e+00,-4.951000e-01,1.438093e-01,3.486199e+00,2.645016e+00,2.050531e+00,-3.468025e-02,-1.291109e-02,2.407264e-02
Bag_35+4,Corel2vs5_data_35,1,6.694619e+00,-1.142364e+00,-3.089488e+00,3.685146e+00,1.366876e+00,1.206530e+00,-2.429995e-02,-5.437773e-03,2.689534e-02
Bag_36+1,Corel2vs5_data_36,1,4.658456e+00,-1.071379e+00,-2.613533e-01,6.323983e+00,6.521247e+00,4.602574e+00,1.470494e-01,9.119061e-02,7.191500e-02
Bag_36+2,Corel2vs5_data_36,1,4.066712e+00,-2.467848e+00,-5.551385e+00,3.514815e-01,3.863182e-01,2.414905e-01,-2.823462e-02,-1.093011e-02,2.450983e-02
Bag_36+3,Corel2vs5_data_36,1,7.692974e+00,-7.007758e-01,-7.420110e-01,3.789761e+00,2.663851e+00,1.514295e+00,2.366637e-01,1.424263e-01,9.051064e-02
Bag_36+4,Corel2vs5_data_36,1,6.125294e+00,-1.968283e+00,-3.141198e+00,1.874891e+00,1.789976e+00,1.008451e+00,1.236411e-01,6.786994e-02,5.312802e-02
Bag_37+1,Corel2vs5_data_37,1,6.055239e+00,1.607331e-01,1.534997e+00,8.879248e+00,7.016144e+00,5.458481e+00,4.950064e-02,4.573676e-02,5.148382e-02
Bag_37+2,Corel2vs5_data_37,1,7.475403e+00,-1.807887e+00,-9.349807e-01,1.844812e+00,1.282591e+00,7.948353e-01,1.561899e-01,1.074939e-01,8.710268e-02
Bag_37+3,Corel2vs5_data_37,1,7.745618e+00,1.811861e-01,1.950562e+00,2.019012e+00,1.256885e+00,1.040830e+00,9.108459e-02,6.219686e-02,5.578464e-02
Bag_37+4,Corel2vs5_data_37,1,6.169533e+00,-3.019309e+00,-5.047520e+00,7.932165e-01,5.817849e-01,3.988797e-01,1.102215e-01,1.036977e-01,8.475181e-02
Bag_38+1,Corel2vs5_data_38,1,4.814892e+00,5.233556e-01,6.115746e-01,8.183533e+00,6.188496e+00,3.732335e+00,3.716738e-01,2.766894e-01,1.781960e-01
Bag_38+2,Corel2vs5_data_38,1,7.769136e+00,3.582304e-01,6.892023e-01,1.894716e+00,1.303395e+00,8.188226e-01,-1.392770e-02,-1.897234e-03,2.787527e-02
Bag_38+3,Corel2vs5_data_38,1,6.971901e+00,-2.328847e+00,-2.638345e+00,1.229987e+00,6.942363e-01,5.677570e-01,1.197615e-01,1.276349e-01,9.999815e-02
Bag_39+1,Corel2vs5_data_39,1,5.743987e+00,7.358292e-01,2.330095e+00,7.131061e+00,5.309382e+00,3.943254e+00,4.458332e-01,4.565332e-01,3.531598e-01
Bag_39+2,Corel2vs5_data_39,1,6.943369e+00,-4.210105e+00,-2.235857e+00,1.858791e+00,8.178422e-01,6.685444e-01,7.271070e-02,6.502196e-02,6.366242e-02
Bag_39+3,Corel2vs5_data_39,1,8.133810e+00,-5.145763e-01,7.094557e-02,3.466063e+00,2.012982e+00,1.580350e+00,7.126055e-02,6.519674e-02,6.736235e-02
Bag_39+4,Corel2vs5_data_39,1,7.980611e+00,-1.426622e+00,-2.580676e+00,4.510213e-01,1.700266e-01,1.608736e-01,-9.377613e-03,6.433324e-03,3.171096e-02
Bag_40+1,Corel2vs5_data_40,1,8.177913e+00,2.123346e-01,7.377285e-01,3.410001e+00,2.810919e+00,1.903857e+00,-2.957891e-02,-1.174811e-02,2.401619e-02
Bag_40+2,Corel2vs5_data_40,1,4.992475e+00,-2.539238e-02,4.188411e-01,9.434010e+00,8.184425e+00,5.153785e+00,2.735039e-01,2.488046e-01,1.838765e-01
Bag_41+1,Corel2vs5_data_41,1,6.683868e+00,4.350655e+00,2.780105e-01,7.041178e+00,5.412040e+00,3.568800e+00,3.825910e-01,5.512738e-01,6.713852e-01
Bag_41+2,Corel2vs5_data_41,1,3.270380e+00,-3.602813e-01,-1.177656e+00,1.051397e+01,1.003067e+01,6.543933e+00,1.360970e-01,9.112686e-02,6.984914e-02
Bag_41+3,Corel2vs5_data_41,1,8.124178e+00,-2.448995e-01,-1.276638e-01,6.247653e+00,5.475470e+00,3.525918e+00,7.161375e-02,4.029153e-02,4.303909e-02
Bag_41+4,Corel2vs5_data_41,1,6.438638e+00,-1.193495e+00,-1.529851e+00,5.359929e+00,4.415987e+00,2.777602e+00,1.500099e-01,9.965550e-02,7.272177e-02
Bag_41+5,Corel2vs5_data_41,1,5.921688e+00,9.261539e+00,-8.785256e-01,3.651659e+00,3.317373e+00,2.580100e+00,3.591326e-01,2.591932e-01,1.707445e-01
Bag_42+1,Corel2vs5_data_42,1,4.122667e+00,1.478376e+00,1.456174e+00,9.677482e+00,7.666323e+00,6.089699e+00,3.240634e-01,2.728972e-01,2.052877e-01
Bag_42+2,Corel2vs5_data_42,1,5.414789e+00,-1.265286e+00,-1.987598e+00,2.475790e+00,1.361747e+00,9.912586e-01,7.572798e-02,6.606364e-02,6.452545e-02
Bag_42+3,Corel2vs5_data_42,1,7.866416e+00,3.162500e-01,2.782009e-01,4.912366e+00,3.605122e+00,2.744002e+00,1.006856e-01,7.290684e-02,6.159563e-02
Bag_42+4,Corel2vs5_data_42,1,4.954395e+00,-2.123262e+00,-4.515192e+00,7.563026e-01,2.389682e-01,1.942297e-01,3.619084e-02,3.863402e-02,4.639289e-02
Bag_42+5,Corel2vs5_data_42,1,6.712459e+00,1.525083e+00,2.571549e+00,6.762008e+00,4.755670e+00,3.715748e+00,5.751812e-02,2.923596e-02,4.039613e-02
Bag_43+1,Corel2vs5_data_43,1,5.225257e+00,4.271804e+00,1.167694e+00,9.670419e+00,8.988956e+00,6.336864e+00,1.074665e-01,5.663889e-02,4.903158e-02
Bag_43+2,Corel2vs5_data_43,1,3.699295e+00,-3.505643e-01,8.245344e-01,9.175327e+00,7.956808e+00,5.685088e+00,5.299269e-01,4.611335e-01,4.129967e-01
Bag_43+3,Corel2vs5_data_43,1,6.235423e+00,-9.594068e-01,4.159251e+00,7.183011e+00,7.038273e+00,4.849511e+00,1.205452e-01,9.179192e-02,7.558572e-02
Bag_43+4,Corel2vs5_data_43,1,5.116370e+00,-3.206811e+00,-4.500185e+00,1.129643e+00,4.139899e-01,3.155838e-01,9.245237e-02,8.089332e-02,6.754006e-02
Bag_43+5,Corel2vs5_data_43,1,5.550029e+00,8.057282e+00,-5.886468e-01,7.720037e+00,7.216918e+00,5.588700e+00,-1.877601e-02,-4.026117e-03,2.768118e-02
Bag_43+6,Corel2vs5_data_43,1,6.173660e+00,-2.166830e+00,-2.327447e+00,2.055411e+00,1.077718e+00,7.395698e-01,9.581294e-02,7.438571e-02,6.393382e-02
Bag_43+7,Corel2vs5_data_43,1,8.117754e+00,6.621818e-01,1.535069e+00,4.222691e+00,2.205860e+00,1.831428e+00,1.144990e-01,8.701535e-02,7.257877e-02
Bag_44+1,Corel2vs5_data_44,1,6.399834e+00,9.949367e-02,2.910554e+00,3.747449e+00,2.490820e+00,1.955682e+00,5.579890e-03,1.383252e-02,3.629630e-02
Bag_44+2,Corel2vs5_data_44,1,4.561244e+00,-2.620974e+00,-3.893845e+00,9.168933e-01,5.450169e-01,3.633870e-01,5.763021e-03,1.029197e-02,3.391466e-02
Bag_44+3,Corel2vs5_data_44,1,7.920204e+00,1.140588e-01,7.497452e-01,3.107413e+00,1.591547e+00,1.240292e+00,2.316777e-01,1.509365e-01,9.985851e-02
Bag_44+4,Corel2vs5_data_44,1,6.854497e+00,-1.081608e+00,-2.813398e+00,7.555670e-01,3.445695e-01,2.772584e-01,-9.617111e-03,9.790192e-03,3.401075e-02
Bag_45+1,Corel2vs5_data_45,1,8.743778e+00,-1.059263e-01,2.147812e-01,2.431470e+00,1.649957e+00,1.260274e+00,6.404477e-02,3.171009e-02,3.867246e-02
Bag_45+2,Corel2vs5_data_45,1,6.188616e+00,7.239262e-02,1.574936e+00,6.492681e+00,5.751504e+00,4.338624e+00,3.526496e-02,2.236268e-02,3.618777e-02
Bag_46+1,Corel2vs5_data_46,1,7.626154e+00,9.134575e-02,-1.800890e-01,2.266296e+00,1.166909e+00,7.960957e-01,-3.187087e-02,-1.051784e-02,2.493052e-02
Bag_46+2,Corel2vs5_data_46,1,4.470034e+00,-6.572432e-02,1.629250e-01,3.201868e+00,2.466264e+00,1.172113e+00,2.684298e-01,1.892340e-01,1.259266e-01
Bag_47+1,Corel2vs5_data_47,1,7.979531e+00,4.620440e-01,1.188729e+00,3.203363e+00,2.285618e+00,1.426597e+00,4.490690e-03,1.877308e-02,3.771427e-02
Bag_47+2,Corel2vs5_data_47,1,6.060736e+00,-2.422600e+00,-2.717402e+00,2.786895e+00,1.178367e+00,8.890690e-01,-1.165541e-02,5.414758e-03,3.160992e-02
Bag_48+1,Corel2vs5_data_48,1,6.422084e+00,-2.253369e-01,7.400093e-03,4.648083e+00,3.770757e+00,2.530282e+00,4.965656e-01,4.324610e-01,3.082922e-01
Bag_48+2,Corel2vs5_data_48,1,3.796100e+00,4.233590e-01,6.515397e-01,7.254933e+00,1.012313e+01,6.112379e+00,2.814060e-01,2.057336e-01,1.475054e-01
Bag_48+3,Corel2vs5_data_48,1,5.273037e+00,-3.323052e+00,-4.003637e+00,6.558833e-01,2.891104e-01,2.314491e-01,1.085246e-01,8.473741e-02,6.702829e-02
Bag_48+4,Corel2vs5_data_48,1,7.458537e+00,1.341086e+00,1.696338e+00,6.091341e+00,5.052976e+00,3.478030e+00,-1.375679e-03,6.516734e-03,3.127779e-02
Bag_48+5,Corel2vs5_data_48,1,6.268822e+00,-2.045201e+00,-2.312994e+00,1.788269e+00,1.295503e+00,8.752909e-01,1.129315e-01,8.679435e-02,7.011203e-02
Bag_48+6,Corel2vs5_data_48,1,5.633750e+00,-1.762859e-01,2.535891e+00,6.778539e+00,7.246823e+00,5.103982e+00,1.160709e-01,6.482317e-02,5.422519e-02
Bag_49+1,Corel2vs5_data_49,1,8.134119e+00,9.905824e-02,3.487127e-01,3.182753e+00,2.294304e+00,1.652018e+00,-2.143075e-02,-1.869017e-03,2.857222e-02
Bag_49+2,Corel2vs5_data_49,1,5.877585e+00,-3.412852e+00,-3.035798e+00,1.211344e+00,3.571936e-01,3.002388e-01,2.374443e-02,3.459933e-02,4.526038e-02
Bag_50+1,Corel2vs5_data_50,1,7.206882e+00,-9.659469e-02,6.696296e-01,3.951887e+00,2.686204e+00,1.916604e+00,-4.029975e-02,-1.797701e-02,2.188726e-02
Bag_50+2,Corel2vs5_data_50,1,6.994018e+00,-1.574517e+00,-2.476146e+00,9.291765e-01,5.995508e-01,4.235384e-01,-3.238629e-02,-1.401154e-02,2.324253e-02
Bag_51+1,Corel2vs5_data_51,1,3.728883e+00,2.293630e+00,-2.752394e-01,9.905807e+00,7.394645e+00,5.258797e+00,8.486367e-01,9.524242e-01,8.131098e-01
Bag_51+2,Corel2vs5_data_51,1,7.582920e+00,1.021544e-01,1.422227e-01,4.144040e+00,2.883130e+00,2.031837e+00,-6.558863e-03,5.370210e-03,3.123069e-02
Bag_51+3,Corel2vs5_data_51,1,5.296055e+00,-2.310622e+00,-3.485138e+00,2.174250e+00,1.593870e+00,1.052261e+00,2.536773e-01,2.318161e-01,2.095814e-01
Bag_51+4,Corel2vs5_data_51,1,7.527388e+00,-5.763544e-01,-1.415070e+00,1.791591e+00,1.309286e+00,8.037545e-01,4.892187e-02,5.249681e-02,5.495368e-02
Bag_52+1,Corel2vs5_data_52,1,5.160114e+00,-7.261704e-01,8.102074e-01,4.901802e+00,3.771334e+00,2.830108e+00,1.298144e-01,8.178002e-02,6.201731e-02
Bag_52+2,Corel2vs5_data_52,1,7.185362e+00,8.389874e-01,1.863264e+00,5.719257e+00,4.895844e+00,3.487172e+00,2.587471e-02,2.429048e-02,3.991823e-02
Bag_52+3,Corel2vs5_data_52,1,6.157087e+00,-1.323239e+00,-1.905556e+00,1.034079e+00,6.603980e-01,3.373309e-01,1.472632e-02,2.797461e-02,4.220388e-02
Bag_53+1,Corel2vs5_data_53,1,8.136450e+00,-1.674562e-01,-2.058781e-01,1.472227e+00,1.230370e+00,7.611696e-01,-6.712818e-03,-6.323645e-03,2.492873e-02
Bag_53+2,Corel2vs5_data_53,1,5.795431e+00,3.060908e+00,2.715368e+00,2.924843e+00,3.781524e+00,1.835051e+00,4.155497e-02,3.041254e-02,4.017323e-02
Bag_54+1,Corel2vs5_data_54,1,3.690608e+00,-2.961340e-01,1.052079e+00,8.781036e+00,1.265115e+01,6.763125e+00,2.030283e-01,1.267944e-01,8.580808e-02
Bag_54+2,Corel2vs5_data_54,1,7.830580e+00,-1.668925e-01,1.028959e+00,4.276927e+00,5.262500e+00,2.512592e+00,1.017818e-01,5.645569e-02,4.955191e-02
Bag_54+3,Corel2vs5_data_54,1,6.022157e+00,-4.701667e-01,1.954441e+00,7.340587e+00,9.643379e+00,5.168235e+00,7.697853e-02,4.363839e-02,4.412935e-02
Bag_55+1,Corel2vs5_data_55,1,5.321010e+00,-3.015438e-02,5.735122e-01,8.733581e+00,9.079665e+00,5.846590e+00,1.238092e-01,6.271950e-02,5.127805e-02
Bag_55+2,Corel2vs5_data_55,1,5.593962e+00,-1.112264e+00,-4.850635e+00,1.432014e+00,1.298585e+00,8.627953e-01,-1.714273e-02,-8.326148e-03,2.466226e-02
Bag_55+3,Corel2vs5_data_55,1,8.278735e+00,-5.466033e-01,1.248775e-01,2.732638e+00,1.855601e+00,1.261569e+00,1.324283e-02,1.469584e-02,3.611458e-02
Bag_56+1,Corel2vs5_data_56,1,6.327958e+00,1.033915e+00,5.864303e-01,1.777260e+00,1.590779e+00,9.809474e-01,-2.142752e-02,-7.818050e-03,2.559390e-02
Bag_56+2,Corel2vs5_data_56,1,7.096808e+00,-2.854740e-01,-1.679617e+00,3.223327e+00,1.746024e+00,1.403274e+00,-2.640123e-02,-1.163902e-02,2.401664e-02
Bag_57+1,Corel2vs5_data_57,1,6.916536e+00,7.827145e-01,1.567911e-01,6.553763e+00,4.193800e+00,2.565752e+00,2.267815e-02,2.546798e-02,3.990339e-02
Bag_57+2,Corel2vs5_data_57,1,6.570561e+00,-2.516892e+00,-2.683217e+00,9.940749e-01,7.522354e-01,5.507184e-01,-3.475214e-03,6.054638e-03,3.116852e-02
Bag_58+1,Corel2vs5_data_58,1,7.787537e+00,-9.005837e-01,-6.316644e-01,2.844204e+00,1.807991e+00,1.027681e+00,7.603027e-02,3.196670e-02,3.805441e-02
Bag_58+2,Corel2vs5_data_58,1,6.375633e+00,-2.994120e+00,-3.117930e+00,2.307549e+00,1.690830e+00,9.495926e-01,5.853580e-02,2.640654e-02,3.630748e-02
Bag_59+1,Corel2vs5_data_59,1,4.279173e+00,-1.480235e+00,-2.795028e+00,7.026166e+00,3.355211e+00,2.899788e+00,1.618821e-01,1.719320e-01,1.353233e-01
Bag_59+2,Corel2vs5_data_59,1,7.405929e+00,1.062598e+00,1.534663e+00,4.644337e+00,3.300068e+00,2.269341e+00,6.917243e-02,7.062141e-02,6.521049e-02
Bag_59+3,Corel2vs5_data_59,1,5.548459e+00,-4.223307e-01,-8.879774e-01,9.037855e+00,5.521598e+00,3.979492e+00,2.248448e-01,1.889200e-01,1.386196e-01
Bag_59+4,Corel2vs5_data_59,1,7.648493e+00,-6.197760e-01,-7.649116e-01,1.550301e+00,9.321482e-01,7.085903e-01,2.173707e-02,2.875561e-02,4.144002e-02
Bag_60+1,Corel2vs5_data_60,1,8.181106e+00,5.968943e-01,6.850173e-01,4.221851e+00,2.700154e+00,1.972888e+00,2.205019e-02,2.305730e-02,3.928271e-02
Bag_60+2,Corel2vs5_data_60,1,6.998816e+00,-1.305445e+00,-2.693641e+00,2.447832e+00,1.351424e+00,1.121094e+00,-1.352193e-02,3.997746e-04,2.940158e-02
Bag_61+1,Corel2vs5_data_61,1,3.374679e+00,1.197696e-01,9.732629e-01,8.609403e+00,7.428102e+00,5.503138e+00,2.454726e-01,1.487407e-01,9.469764e-02
Bag_61+2,Corel2vs5_data_61,1,8.218215e+00,3.793063e-01,7.971777e-01,3.894070e+00,2.847624e+00,1.691341e+00,6.787691e-02,3.521753e-02,4.059047e-02
Bag_61+3,Corel2vs5_data_61,1,5.621972e+00,4.687771e-01,1.360680e+00,6.826317e+00,6.302818e+00,4.130912e+00,1.373699e-01,6.621497e-02,5.191357e-02
Bag_62+1,Corel2vs5_data_62,1,6.675033e+00,2.265473e+00,6.176503e-01,3.381713e+00,4.937433e+00,2.160148e+00,2.469877e-01,1.440498e-01,8.698892e-02
Bag_62+2,Corel2vs5_data_62,1,6.920972e+00,-2.184622e+00,-2.985090e+00,8.278123e-01,5.307167e-01,3.876440e-01,1.726306e-02,2.621095e-02,4.098050e-02
Bag_62+3,Corel2vs5_data_62,1,7.244530e+00,-7.536855e-01,-1.289307e+00,1.443234e+00,1.234611e+00,7.459953e-01,9.773275e-03,1.627837e-02,3.563236e-02
Bag_63+1,Corel2vs5_data_63,1,3.251033e+00,2.291667e-02,7.283120e-01,7.836321e+00,7.856664e+00,5.667895e+00,1.583491e-01,1.250528e-01,1.060504e-01
Bag_63+2,Corel2vs5_data_63,1,7.414672e+00,-2.183881e+00,-3.077194e+00,4.956423e-01,3.300439e-01,2.540016e-01,9.655857e-02,8.607727e-02,7.551266e-02
Bag_63+3,Corel2vs5_data_63,1,7.877857e+00,-7.766978e-02,4.384535e-01,2.086115e+00,1.497755e+00,1.090059e+00,8.237347e-02,5.855271e-02,5.373165e-02
Bag_63+4,Corel2vs5_data_63,1,5.435553e+00,-3.211278e+00,-5.612210e+00,4.816734e-01,1.844123e-01,1.685619e-01,5.615349e-02,6.360862e-02,6.117265e-02
Bag_63+5,Corel2vs5_data_63,1,6.186182e+00,1.334895e+00,1.538736e+00,6.713254e+00,7.625014e+00,4.727638e+00,1.203324e-01,1.262811e-01,1.037993e-01
Bag_64+1,Corel2vs5_data_64,1,8.220502e+00,-9.626164e-01,-1.811335e-01,1.714225e+00,1.047814e+00,7.376466e-01,-4.540497e-02,-2.076926e-02,2.100538e-02
Bag_64+2,Corel2vs5_data_64,1,6.266767e+00,-1.570932e+00,-2.368091e+00,2.709573e+00,1.290907e+00,8.960736e-01,2.700964e-02,4.139035e-02,5.295958e-02
Bag_65+1,Corel2vs5_data_65,1,4.767670e+00,-3.028918e-01,-1.436700e+00,4.191361e+00,1.733951e+00,1.431509e+00,-1.153200e-02,-1.561473e-03,2.821389e-02
Bag_65+2,Corel2vs5_data_65,1,7.220688e+00,9.444248e-01,6.750938e-01,5.394458e+00,4.224370e+00,3.064286e+00,-8.278083e-03,2.079047e-04,2.887175e-02
Bag_66+1,Corel2vs5_data_66,1,5.525750e+00,1.510447e+00,9.150000e-02,1.042828e+01,7.789575e+00,4.847555e+00,3.295254e-01,2.824098e-01,2.023446e-01
Bag_66+2,Corel2vs5_data_66,1,5.610482e+00,-1.065853e+00,-2.982634e+00,1.959388e+00,1.037351e+00,8.952872e-01,-2.571206e-03,1.235089e-02,3.474115e-02
Bag_66+3,Corel2vs5_data_66,1,7.927460e+00,9.087396e-01,7.166721e-01,3.504759e+00,2.214778e+00,1.589940e+00,2.127076e-02,2.514677e-02,3.978897e-02
Bag_67+1,Corel2vs5_data_67,1,4.198774e+00,-1.148588e-01,9.522493e-01,6.955975e+00,6.225488e+00,3.838899e+00,4.749898e-01,3.155570e-01,1.826667e-01
Bag_67+2,Corel2vs5_data_67,1,6.571122e+00,-1.097300e+00,-2.579719e+00,1.476155e+00,8.460960e-01,6.833799e-01,8.839022e-03,5.850215e-03,3.128514e-02
Bag_67+3,Corel2vs5_data_67,1,7.871088e+00,3.989625e-01,3.130677e-01,4.809031e+00,3.682657e+00,2.513254e+00,3.804279e-03,7.220576e-03,3.173301e-02
Bag_68+1,Corel2vs5_data_68,1,2.915956e+00,-7.362327e-01,-6.572581e-02,6.804961e+00,6.151611e+00,3.850909e+00,1.133228e-01,8.982629e-02,7.061341e-02
Bag_68+2,Corel2vs5_data_68,1,7.249046e+00,-2.863122e+00,3.922301e-01,2.620828e+00,1.514380e+00,1.164196e+00,2.075760e-02,3.195867e-02,4.463947e-02
Bag_68+3,Corel2vs5_data_68,1,4.965467e+00,-7.727233e-01,1.482043e-02,5.975522e+00,5.571631e+00,3.940874e+00,4.125479e-02,3.999168e-02,4.667943e-02
Bag_68+4,Corel2vs5_data_68,1,7.792572e+00,-6.039809e-02,1.551162e+00,5.956452e+00,4.702656e+00,3.062359e+00,5.200609e-02,5.982751e-02,6.511694e-02
Bag_69+1,Corel2vs5_data_69,1,4.780225e+00,4.500479e-01,7.109809e-01,6.515274e+00,6.836341e+00,4.521469e+00,1.781329e-01,9.336179e-02,6.186721e-02
Bag_69+2,Corel2vs5_data_69,1,6.227900e+00,-1.649678e+00,-3.724577e+00,5.072947e-01,5.014861e-01,3.735725e-01,-4.493608e-02,-1.976093e-02,2.145276e-02
Bag_69+3,Corel2vs5_data_69,1,8.098875e+00,-1.149701e-01,-1.976237e-01,3.357234e+00,2.722466e+00,2.376358e+00,7.655788e-02,7.049559e-02,6.303672e-02
Bag_70+1,Corel2vs5_data_70,1,4.805679e+00,3.444468e-01,2.993938e-01,8.036480e+00,8.284338e+00,5.516290e+00,2.783889e-01,1.728072e-01,1.050652e-01
Bag_70+2,Corel2vs5_data_70,1,6.243575e+00,-1.847528e+00,-3.063397e+00,6.251609e-01,5.723777e-01,3.840906e-01,-3.693911e-02,-1.251009e-02,2.443740e-02
Bag_70+3,Corel2vs5_data_70,1,8.135102e+00,-1.690548e-03,1.513700e-01,4.499265e+00,3.548350e+00,2.790417e+00,6.628083e-02,5.690651e-02,5.498838e-02
Bag_71+1,Corel2vs5_data_71,1,5.079658e+00,-7.834680e-01,1.069151e+00,6.239885e+00,5.316255e+00,3.911743e+00,1.077174e-01,7.457639e-02,6.070744e-02
Bag_71+2,Corel2vs5_data_71,1,7.546962e+00,-7.287767e-01,-5.007934e-01,3.512192e+00,2.353406e+00,1.700735e+00,7.881455e-02,3.017478e-02,3.680700e-02
Bag_71+3,Corel2vs5_data_71,1,6.033487e+00,-2.546286e-01,2.736713e+00,6.741818e+00,6.117667e+00,4.362572e+00,1.818104e-01,9.370127e-02,6.140057e-02
Bag_72+1,Corel2vs5_data_72,1,4.555193e+00,-2.527785e-01,9.776915e-01,7.471310e+00,7.262348e+00,5.384789e+00,2.553340e-01,1.445008e-01,8.901948e-02
Bag_72+2,Corel2vs5_data_72,1,5.979139e+00,-2.716088e+00,-3.048801e+00,1.954869e+00,9.604513e-01,8.246959e-01,8.479795e-02,4.828103e-02,5.098935e-02
Bag_72+3,Corel2vs5_data_72,1,6.931313e+00,1.432062e-01,1.042683e+00,5.776904e+00,4.830589e+00,3.375396e+00,-2.234444e-03,2.456222e-03,2.934647e-02
Bag_73+1,Corel2vs5_data_73,1,5.149333e+00,-3.290514e-01,5.844244e-01,7.996936e+00,5.810220e+00,4.189402e+00,7.117596e-01,6.775167e-01,5.494384e-01
Bag_73+2,Corel2vs5_data_73,1,6.801144e+00,5.866659e-01,2.395798e+00,6.860613e+00,5.566742e+00,4.657990e+00,1.502192e-01,9.048850e-02,6.551808e-02
Bag_73+3,Corel2vs5_data_73,1,5.799441e+00,-3.133257e+00,-3.391693e+00,6.118191e-01,3.665915e-01,2.399655e-01,1.253216e-01,1.292438e-01,1.021169e-01
Bag_73+4,Corel2vs5_data_73,1,8.116782e+00,2.194566e+00,5.410089e+00,6.412219e+00,1.971493e+00,1.476926e+00,1.448244e-01,1.435583e-01,1.191091e-01
Bag_73+5,Corel2vs5_data_73,1,6.021849e+00,-2.458728e+00,-1.788063e+00,1.726007e+00,1.459452e+00,8.905226e-01,1.283734e-01,1.175022e-01,9.399325e-02
Bag_73+6,Corel2vs5_data_73,1,5.949348e+00,4.509152e+00,4.105941e-01,6.869235e+00,2.418517e+00,2.024377e+00,1.204863e-01,1.029189e-01,8.438122e-02
Bag_74+1,Corel2vs5_data_74,1,7.010506e+00,1.906518e+00,1.781697e+00,6.329573e+00,3.337096e+00,2.204961e+00,1.598052e-01,1.165762e-01,9.311145e-02
Bag_74+2,Corel2vs5_data_74,1,6.012151e+00,-1.808247e+00,-2.519353e+00,1.621868e+00,9.287637e-01,5.839439e-01,-7.424209e-03,7.999270e-03,3.261128e-02
Bag_74+3,Corel2vs5_data_74,1,8.065929e+00,-4.118939e-01,-6.793411e-02,2.679860e+00,1.398269e+00,1.040489e+00,6.338906e-02,4.789571e-02,4.875838e-02
Bag_75+1,Corel2vs5_data_75,1,4.160403e+00,2.601300e-01,2.390310e-01,5.891963e+00,4.930099e+00,3.289156e+00,2.407551e-01,2.526268e-01,2.036547e-01
Bag_75+2,Corel2vs5_data_75,1,6.607053e+00,1.264382e+00,1.863994e+00,4.942946e+00,3.965013e+00,2.756519e+00,8.311109e-03,8.194046e-03,3.123298e-02
Bag_75+3,Corel2vs5_data_75,1,7.361140e+00,4.502841e-02,-4.459532e-01,4.117739e+00,3.390059e+00,2.177158e+00,1.008361e-01,6.133965e-02,5.258433e-02
Bag_76+1,Corel2vs5_data_76,1,5.647385e+00,-5.905332e-01,2.124912e+00,6.621179e+00,7.795958e+00,4.581458e+00,4.491936e-02,5.535291e-02,5.753287e-02
Bag_76+2,Corel2vs5_data_76,1,4.681925e+00,-4.149550e-01,-4.185772e-01,6.411271e+00,6.675868e+00,4.261743e+00,1.736235e-01,1.204453e-01,8.693624e-02
Bag_76+3,Corel2vs5_data_76,1,7.847856e+00,-8.183492e-02,2.919893e-01,4.736679e+00,3.289039e+00,2.102162e+00,8.866592e-02,5.671956e-02,5.206127e-02
Bag_76+4,Corel2vs5_data_76,1,6.403532e+00,-2.895533e+00,-3.846128e+00,8.880266e-01,7.052764e-01,6.051208e-01,2.063834e-01,1.893709e-01,1.352432e-01
Bag_77+1,Corel2vs5_data_77,1,6.468455e+00,6.577540e-01,1.028067e+00,7.622165e+00,5.943684e+00,4.302739e+00,9.542458e-02,4.847622e-02,4.638387e-02
Bag_77+2,Corel2vs5_data_77,1,7.329303e+00,-1.041812e+00,-2.501995e+00,1.749060e+00,1.077628e+00,7.670684e-01,2.127260e-02,8.666290e-03,3.044073e-02
Bag_78+1,Corel2vs5_data_78,1,3.669191e+00,-6.271054e-01,-1.911706e+00,5.384419e+00,6.659003e+00,3.437548e+00,4.912520e-01,4.278436e-01,3.702938e-01
Bag_78+2,Corel2vs5_data_78,1,6.825717e+00,-1.525650e+00,-3.808142e+00,1.377380e+00,1.217135e+00,7.287941e-01,-4.052199e-02,-1.767340e-02,2.202830e-02
Bag_78+3,Corel2vs5_data_78,1,7.644077e+00,3.299047e-01,9.574461e-01,4.741614e+00,3.979677e+00,2.508361e+00,-4.140422e-02,-1.732446e-02,2.233815e-02
Bag_79+1,Corel2vs5_data_79,1,5.825966e+00,2.013012e-01,1.081153e+00,9.154762e+00,6.720140e+00,4.349615e+00,1.176512e-01,7.941617e-02,6.726544e-02
Bag_79+2,Corel2vs5_data_79,1,4.901004e+00,-1.912523e+00,-1.757856e+00,1.854971e+00,1.050881e+00,7.598990e-01,2.217554e-01,1.228645e-01,8.171714e-02
Bag_79+3,Corel2vs5_data_79,1,8.060302e+00,-9.195652e-02,3.599004e-01,5.564845e+00,3.550557e+00,2.303113e+00,3.216775e-02,2.424022e-02,3.873850e-02
Bag_79+4,Corel2vs5_data_79,1,5.015342e+00,-2.882623e+00,-3.983327e+00,6.941191e-01,3.262120e-01,2.514232e-01,1.780704e-01,1.878434e-01,1.407741e-01
Bag_80+1,Corel2vs5_data_80,1,4.710342e+00,1.178726e+00,1.254743e+00,6.015225e+00,5.400423e+00,3.000655e+00,3.037667e-01,3.994658e-01,4.530551e-01
Bag_80+2,Corel2vs5_data_80,1,2.931656e+00,-2.640254e-01,-1.398574e+00,4.855741e+00,4.485360e+00,2.126228e+00,2.265314e-02,3.616812e-02,4.919895e-02
Bag_80+3,Corel2vs5_data_80,1,7.645248e+00,-4.887835e-01,-1.481031e-01,4.100085e+00,2.660257e+00,2.146166e+00,2.615580e-02,2.670573e-02,4.022024e-02
Bag_80+4,Corel2vs5_data_80,1,6.190861e+00,-2.995281e+00,-3.527229e+00,1.427816e+00,6.671751e-01,4.549962e-01,3.374059e-02,3.531824e-02,4.498280e-02
Bag_80+5,Corel2vs5_data_80,1,7.675831e+00,4.230600e+00,3.477385e+00,6.725501e+00,2.463707e+00,2.189540e+00,3.183560e-01,2.707798e-01,2.010849e-01
Bag_81+1,Corel2vs5_data_81,1,5.081981e+00,5.676148e-01,1.502414e+00,8.734674e+00,7.870955e+00,5.164286e+00,3.146536e-01,2.884970e-01,2.355677e-01
Bag_81+2,Corel2vs5_data_81,1,6.863352e+00,-2.571246e+00,-3.669207e+00,1.301653e+00,6.214840e-01,5.331264e-01,-1.352993e-02,-1.369666e-03,2.808061e-02
Bag_81+3,Corel2vs5_data_81,1,7.861275e+00,-3.599352e-01,5.358363e-01,3.170938e+00,2.392710e+00,1.848425e+00,8.174251e-02,7.050017e-02,6.130653e-02
Bag_82+1,Corel2vs5_data_82,1,4.177797e+00,2.439098e-01,1.222099e+00,4.006161e+00,3.900728e+00,1.817566e+00,9.911729e-02,9.723381e-02,8.012202e-02
Bag_82+2,Corel2vs5_data_82,1,5.966710e+00,-1.971297e+00,-3.289962e+00,7.567223e-01,3.060379e-01,3.187584e-01,1.003614e-02,2.379174e-02,4.020872e-02
Bag_82+3,Corel2vs5_data_82,1,7.350143e+00,4.489695e-01,1.043695e+00,7.145159e+00,4.782179e+00,3.588218e+00,3.025455e-02,3.821655e-02,4.748491e-02
Bag_83+1,Corel2vs5_data_83,1,2.068596e+00,-6.590009e-01,5.743838e-01,8.548780e+00,7.785538e+00,4.907878e+00,2.045328e-01,1.773505e-01,1.327551e-01
Bag_83+2,Corel2vs5_data_83,1,6.405213e+00,-2.150967e+00,-1.469044e+00,3.562931e+00,1.873271e+00,1.435300e+00,8.924997e-01,7.891531e-01,5.824628e-01
Bag_83+3,Corel2vs5_data_83,1,4.062152e+00,-1.652015e+00,1.659339e+00,7.690760e+00,6.583601e+00,4.459204e+00,9.043769e-02,5.455934e-02,4.986153e-02
Bag_83+4,Corel2vs5_data_83,1,7.176239e+00,1.995609e-01,8.356061e-01,6.028621e+00,3.555199e+00,2.452370e+00,1.967930e-03,1.772351e-02,3.783390e-02
Bag_84+1,Corel2vs5_data_84,1,5.953102e+00,-1.954025e+00,-1.129266e-01,2.657171e+00,1.972302e+00,1.303632e+00,1.507920e-01,8.869933e-02,6.607658e-02
Bag_84+2,Corel2vs5_data_84,1,6.004851e+00,-2.489420e+00,-2.246559e+00,1.023268e+00,5.424675e-01,3.793765e-01,-1.691091e-02,-1.054640e-02,2.361436e-02
Bag_84+3,Corel2vs5_data_84,1,7.112849e+00,1.103626e-01,1.690742e+00,5.926888e+00,4.818602e+00,3.386448e+00,2.716004e-01,1.558742e-01,9.649314e-02
Bag_85+1,Corel2vs5_data_85,1,5.336513e+00,1.750668e+00,1.322697e+00,1.228138e+01,9.410861e+00,6.612644e+00,3.464782e-01,3.840967e-01,3.236732e-01
Bag_85+2,Corel2vs5_data_85,1,7.263808e+00,-1.498866e+00,-2.800559e+00,1.510645e+00,9.162676e-01,7.043207e-01,-1.977954e-02,-1.407838e-03,2.857688e-02
Bag_85+3,Corel2vs5_data_85,1,7.250834e+00,3.204892e-01,5.839281e-01,6.893562e+00,5.021517e+00,3.737640e+00,9.675460e-02,7.181233e-02,6.170333e-02
Bag_86+1,Corel2vs5_data_86,1,6.770434e+00,-1.019280e+00,-9.913989e-01,3.071138e+00,1.647986e+00,1.175313e+00,-2.407352e-02,-1.194845e-02,2.336182e-02
Bag_86+2,Corel2vs5_data_86,1,8.355247e+00,8.686107e-01,2.701939e+00,2.884443e+00,2.195708e+00,1.424489e+00,5.195203e-03,1.253188e-02,3.709463e-02
Bag_87+1,Corel2vs5_data_87,1,5.261778e+00,-4.980692e-02,8.842963e-01,6.765497e+00,5.386782e+00,3.276567e+00,1.733118e-01,1.083108e-01,7.298012e-02
Bag_87+2,Corel2vs5_data_87,1,6.053653e+00,-9.405704e-01,-3.356316e+00,1.026511e+00,8.520592e-01,5.480094e-01,-4.559289e-02,-2.036320e-02,2.119906e-02
Bag_87+3,Corel2vs5_data_87,1,6.972773e+00,-8.960073e-01,2.150200e+00,1.867814e+00,1.199499e+00,7.613128e-01,-1.732718e-02,-6.136681e-03,2.592206e-02
Bag_88+1,Corel2vs5_data_88,1,3.818467e+00,-2.349914e+00,-4.140952e+00,5.324461e-01,2.212535e-01,1.671013e-01,1.620359e-02,2.530325e-02,4.028424e-02
Bag_88+2,Corel2vs5_data_88,1,5.264239e+00,9.382375e-02,2.056815e+00,6.116088e+00,4.589294e+00,3.042243e+00,1.271612e-01,7.557197e-02,5.979071e-02
Bag_88+3,Corel2vs5_data_88,1,5.886917e+00,-1.629259e+00,-1.408285e+00,2.491329e+00,1.319847e+00,8.273876e-01,3.723875e-03,7.993595e-03,3.154305e-02
Bag_88+4,Corel2vs5_data_88,1,7.907928e+00,-9.789501e-02,7.757640e-01,2.777231e+00,1.693289e+00,1.177741e+00,-1.763146e-03,-5.413009e-04,2.708110e-02
Bag_89+1,Corel2vs5_data_89,1,4.727922e+00,-3.385078e-02,5.660476e-01,8.801435e+00,7.360581e+00,5.899937e+00,4.806710e-02,5.927712e-02,7.108657e-02
Bag_89+2,Corel2vs5_data_89,1,7.713306e+00,-3.548812e-02,2.221371e-01,2.375716e+00,1.608780e+00,1.127264e+00,-1.150744e-02,3.744860e-04,2.901360e-02
Bag_89+3,Corel2vs5_data_89,1,5.088915e+00,-1.540823e+00,-2.174240e+00,1.152442e+00,6.061023e-01,4.085176e-01,1.598358e-02,2.672847e-02,4.133771e-02
Bag_90+1,Corel2vs5_data_90,1,2.512430e+00,-5.698804e-02,2.124720e-01,7.205522e+00,8.178461e+00,5.214933e+00,8.461698e-02,4.595516e-02,4.515008e-02
Bag_90+2,Corel2vs5_data_90,1,4.451721e+00,1.041832e+00,1.852032e+00,6.854862e+00,8.641305e+00,5.262548e+00,6.956433e-02,4.249346e-02,4.440513e-02
Bag_90+3,Corel2vs5_data_90,1,4.360345e+00,-7.142984e-01,-3.506544e+00,1.297738e+00,1.306171e+00,9.127958e-01,9.379654e-02,4.338836e-02,4.203067e-02
Bag_90+4,Corel2vs5_data_90,1,7.523059e+00,6.889494e-01,8.433824e-01,2.376268e+00,1.948470e+00,1.291473e+00,-1.533129e-02,-1.280956e-04,2.891128e-02
Bag_91+1,Corel2vs5_data_91,1,4.027358e+00,2.968887e+00,1.189932e+00,3.404417e+00,4.369618e+00,2.295867e+00,3.632021e-01,1.995416e-01,1.086502e-01
Bag_91+2,Corel2vs5_data_91,1,8.010443e+00,3.836503e-01,8.885099e-01,2.605874e+00,2.371228e+00,1.063823e+00,1.045328e-01,5.066986e-02,4.488581e-02
Bag_91+3,Corel2vs5_data_91,1,6.161047e+00,1.928691e+00,2.154266e+00,2.123716e+00,2.758690e+00,1.210709e+00,7.522149e-02,4.024519e-02,4.351010e-02
Bag_92+1,Corel2vs5_data_92,1,6.576728e+00,6.210846e+00,4.164669e+00,4.164229e+00,5.670023e+00,2.420444e+00,1.111639e-01,1.705272e-01,2.140426e-01
Bag_92+2,Corel2vs5_data_92,1,6.896244e+00,-1.047631e+00,-3.146052e+00,1.254345e+00,9.570847e-01,6.465631e-01,2.104378e-02,2.296579e-02,3.871967e-02
Bag_92+3,Corel2vs5_data_92,1,7.779828e+00,8.181909e-01,7.567811e-01,4.699789e+00,3.202874e+00,2.250006e+00,2.114541e-02,2.719916e-02,4.103434e-02
Bag_92+4,Corel2vs5_data_92,1,5.498819e+00,1.306864e+00,2.012091e-01,1.168279e+01,1.142998e+01,6.418325e+00,1.518830e-01,1.828219e-01,1.758366e-01
Bag_93+1,Corel2vs5_data_93,1,6.551624e+00,-8.671392e-02,2.896778e-01,8.999241e+00,7.845254e+00,5.143857e+00,-7.454131e-03,8.999088e-03,3.656195e-02
Bag_93+2,Corel2vs5_data_93,1,7.613303e+00,-1.525694e+00,-2.090811e+00,1.339408e+00,6.642124e-01,5.289902e-01,-4.950615e-03,-3.060568e-03,2.639889e-02
Bag_94+1,Corel2vs5_data_94,1,4.272815e+00,-3.574539e-01,1.759958e-01,1.046755e+01,7.855560e+00,5.652541e+00,3.902619e-01,3.103299e-01,2.171200e-01
Bag_94+2,Corel2vs5_data_94,1,6.379564e+00,3.038026e+00,1.169630e+00,8.232059e+00,7.169650e+00,4.701525e+00,2.550956e-01,1.782831e-01,1.204811e-01
Bag_94+3,Corel2vs5_data_94,1,6.634500e+00,-2.058242e+00,-3.552108e+00,2.620971e+00,2.042597e+00,1.638338e+00,2.908312e-01,3.174895e-01,2.534682e-01
Bag_94+4,Corel2vs5_data_94,1,8.424407e+00,3.797360e-01,9.065451e-01,4.700733e+00,3.240619e+00,2.455008e+00,3.996048e-02,3.421655e-02,4.368216e-02
Bag_94+5,Corel2vs5_data_94,1,6.422229e+00,9.169271e-02,2.872031e-01,1.134765e+01,8.919236e+00,5.863928e+00,2.546316e-01,1.768768e-01,1.156916e-01
Bag_95+1,Corel2vs5_data_95,1,5.660999e+00,2.342387e+00,9.208946e-01,1.041588e+01,7.751682e+00,4.848790e+00,5.572321e-01,6.996415e-01,7.566613e-01
Bag_95+2,Corel2vs5_data_95,1,6.550331e+00,-1.665603e+00,-3.870077e+00,6.624838e-01,6.243331e-01,3.950354e-01,-1.209614e-02,4.241509e-03,3.131457e-02
Bag_95+3,Corel2vs5_data_95,1,8.213493e+00,-2.617876e-01,2.332848e-01,3.853698e+00,3.058836e+00,1.930954e+00,4.741037e-02,3.663067e-02,4.391893e-02
Bag_96+1,Corel2vs5_data_96,1,2.313036e+00,6.442063e-01,-5.098214e-01,6.983326e+00,6.583473e+00,4.462255e+00,2.137723e-01,1.583706e-01,1.161094e-01
Bag_96+2,Corel2vs5_data_96,1,7.292617e+00,-6.455121e-01,-2.860580e+00,5.865115e-01,3.644221e-01,2.791339e-01,-7.014071e-03,6.537920e-03,3.181631e-02
Bag_96+3,Corel2vs5_data_96,1,7.129932e+00,9.320370e-01,3.422065e-02,6.786038e+00,5.252824e+00,4.344487e+00,6.977519e-03,1.399711e-02,3.529476e-02
Bag_97+1,Corel2vs5_data_97,1,4.054308e+00,-2.523074e-01,7.923307e-02,1.176320e+01,8.477228e+00,5.546525e+00,6.029470e-02,7.159529e-02,6.721164e-02
Bag_97+2,Corel2vs5_data_97,1,6.142021e+00,1.058878e+00,1.127607e+00,1.069226e+01,9.375943e+00,5.831754e+00,1.426140e-01,1.003226e-01,7.349834e-02
Bag_97+3,Corel2vs5_data_97,1,5.637632e+00,-2.031479e+00,-2.055579e+00,3.429120e+00,2.342377e+00,1.757967e+00,3.296643e-01,2.357891e-01,1.597825e-01
Bag_97+4,Corel2vs5_data_97,1,8.305045e+00,3.975105e-02,4.560573e-02,7.155242e+00,5.318892e+00,3.501763e+00,9.251599e-02,5.714758e-02,5.215553e-02
Bag_98+1,Corel2vs5_data_98,1,3.216301e+00,-4.217092e-01,3.782589e-01,1.183018e+01,1.058038e+01,7.383457e+00,1.706996e-01,1.686741e-01,1.272134e-01
Bag_98+2,Corel2vs5_data_98,1,6.769744e+00,-1.022077e+00,-6.151423e-01,1.973516e+00,1.849425e+00,1.280247e+00,7.420125e-02,5.248683e-02,5.113463e-02
Bag_98+3,Corel2vs5_data_98,1,5.623739e+00,-2.501372e+00,-2.663772e+00,6.424206e-01,5.019960e-01,3.380572e-01,3.603097e-01,4.144130e-01,3.436271e-01
Bag_98+4,Corel2vs5_data_98,1,7.704144e+00,9.499128e-02,4.798548e-01,3.010777e+00,2.392511e+00,1.475909e+00,2.041853e-03,1.860192e-02,3.862486e-02
Bag_99+1,Corel2vs5_data_99,1,3.193397e+00,-7.488832e-01,-5.999706e-01,1.037013e+01,9.502558e+00,7.032291e+00,3.013271e-01,3.481067e-01,2.873817e-01
Bag_99+2,Corel2vs5_data_99,1,7.947492e+00,-8.202071e-01,-3.275566e-01,1.407111e+00,9.512984e-01,6.306524e-01,-7.831691e-03,-1.519996e-03,2.705446e-02
Bag_99+3,Corel2vs5_data_99,1,6.019503e+00,-8.819410e-01,-3.746040e-01,1.324520e+01,1.082021e+01,6.900249e+00,2.253440e-01,1.977758e-01,1.471994e-01
Bag_100+1,Corel2vs5_data_100,1,4.228254e+00,-1.551110e+00,-5.062931e+00,6.302561e-01,4.669856e-01,3.207316e-01,1.561075e-01,1.822586e-01,1.510162e-01
Bag_100+2,Corel2vs5_data_100,1,7.889335e+00,7.622046e-01,1.366379e+00,1.190358e+00,6.543845e-01,4.477285e-01,-1.466844e-02,-2.323973e-03,2.746805e-02
Bag_100+3,Corel2vs5_data_100,1,5.865361e+00,-1.592813e+00,-1.163365e+00,2.688491e+00,7.489867e-01,5.000550e-01,1.867988e-01,1.406966e-01,1.010414e-01
Bag_101+1,Corel2vs5_data_101,0,9.433789e+00,1.277438e-01,1.548950e-01,6.914704e-01,5.165066e-01,4.127817e-01,-4.340585e-03,-4.702397e-03,2.546856e-02
Bag_101+2,Corel2vs5_data_101,0,5.998557e+00,1.290669e+00,1.560113e+00,1.018793e+01,1.033418e+01,6.742823e+00,7.347436e-02,6.076507e-02,6.030183e-02
Bag_102+1,Corel2vs5_data_102,0,9.357999e+00,1.938949e-01,2.646984e-01,8.810721e-01,7.223724e-01,5.218109e-01,3.173464e-03,-2.787624e-03,2.588009e-02
Bag_102+2,Corel2vs5_data_102,0,5.918676e+00,2.390182e+00,2.422706e+00,8.644162e+00,9.220337e+00,5.746787e+00,4.149292e-02,4.451986e-02,5.254970e-02
Bag_103+1,Corel2vs5_data_103,0,9.411703e+00,1.548470e-01,8.509713e-02,5.086835e-01,5.643155e-01,3.089658e-01,3.045501e-02,1.597829e-02,3.298456e-02
Bag_103+2,Corel2vs5_data_103,0,7.913226e+00,2.834075e+00,2.590322e+00,2.815926e+00,2.775473e+00,1.591107e+00,9.197834e-03,1.626221e-02,3.691855e-02
Bag_104+1,Corel2vs5_data_104,0,9.381019e+00,-3.964240e-03,-9.651774e-02,7.504739e-01,5.513918e-01,4.029173e-01,-1.061900e-02,-7.630978e-03,2.463968e-02
Bag_104+2,Corel2vs5_data_104,0,5.906600e+00,-9.123867e-01,-1.897930e+00,9.379585e+00,8.023064e+00,4.764629e+00,5.620951e-02,5.986913e-02,6.656347e-02
Bag_105+1,Corel2vs5_data_105,0,9.441544e+00,8.097192e-02,3.089529e-01,6.595583e-01,5.047404e-01,3.973395e-01,1.485026e-02,1.866498e-03,2.720189e-02
Bag_105+2,Corel2vs5_data_105,0,5.830905e+00,-2.060890e-01,-9.601369e-01,9.205420e+00,9.079653e+00,6.119438e+00,4.939178e-02,4.714046e-02,5.273541e-02
Bag_106+1,Corel2vs5_data_106,0,9.441379e+00,1.023988e-01,5.342634e-01,6.127617e-01,5.170972e-01,3.337887e-01,1.752846e-02,2.520943e-03,2.731443e-02
Bag_106+2,Corel2vs5_data_106,0,6.406731e+00,2.262820e-01,4.441589e-01,7.879611e+00,9.563873e+00,4.603968e+00,4.107439e-02,5.496322e-02,6.352601e-02
Bag_107+1,Corel2vs5_data_107,0,9.424750e+00,1.748239e-01,4.023898e-01,5.692397e-01,4.366188e-01,3.539634e-01,1.289405e-02,1.255799e-03,2.698135e-02
Bag_107+2,Corel2vs5_data_107,0,6.332811e+00,1.492935e+00,3.511998e+00,1.018147e+01,9.181669e+00,6.653512e+00,3.965548e-02,2.854890e-02,4.001673e-02
Bag_108+1,Corel2vs5_data_108,0,9.389073e+00,1.919458e-01,2.638085e-01,5.632678e-01,7.807840e-01,3.514015e-01,-1.441933e-02,-8.834707e-03,2.432314e-02
Bag_108+2,Corel2vs5_data_108,0,6.724233e+00,3.286458e+00,2.353274e+00,9.217967e+00,8.079164e+00,5.678195e+00,1.147653e-01,9.274489e-02,7.833859e-02
Bag_109+1,Corel2vs5_data_109,0,9.252847e+00,2.453261e-01,4.200146e-01,1.003615e+00,9.380227e-01,6.375924e-01,6.584062e-02,2.277444e-02,3.316467e-02
Bag_109+2,Corel2vs5_data_109,0,5.862620e+00,5.008581e-01,1.386766e+00,6.515343e+00,7.201721e+00,4.801638e+00,-1.289492e-02,3.831142e-03,3.135817e-02
Bag_110+1,Corel2vs5_data_110,0,9.432068e+00,9.494142e-02,5.780877e-02,6.525704e-01,5.423806e-01,4.159895e-01,4.844585e-05,-1.490434e-03,2.662905e-02
Bag_110+2,Corel2vs5_data_110,0,6.032164e+00,-2.377425e-01,1.293338e+00,1.160576e+01,9.748422e+00,5.593796e+00,1.475491e-01,1.117542e-01,8.333156e-02
Bag_111+1,Corel2vs5_data_111,0,9.163792e+00,1.047377e-01,2.384534e-01,1.917928e+00,1.487115e+00,7.017528e-01,-4.537671e-04,-3.451824e-03,2.574152e-02
Bag_111+2,Corel2vs5_data_111,0,3.816108e+00,6.196559e+00,3.378350e-01,6.842478e+00,7.612187e+00,4.131839e+00,1.521192e-02,3.527571e-02,5.235409e-02
Bag_112+1,Corel2vs5_data_112,0,9.457388e+00,2.678082e-02,-4.348297e-03,5.686479e-01,4.714834e-01,3.849680e-01,2.797608e-02,1.830922e-02,3.467754e-02
Bag_112+2,Corel2vs5_data_112,0,7.983587e+00,9.085308e-01,1.817071e+00,4.264883e+00,3.776612e+00,2.702384e+00,1.845367e-02,1.745318e-02,3.594149e-02
Bag_113+1,Corel2vs5_data_113,0,9.363494e+00,-1.645322e-03,1.093317e-01,5.997277e-01,6.463678e-01,4.007224e-01,1.456179e-02,2.554892e-03,2.745428e-02
Bag_113+2,Corel2vs5_data_113,0,6.167837e+00,-5.299345e-01,9.766142e-01,6.630283e+00,8.819705e+00,4.987420e+00,2.579351e-02,3.210874e-02,4.462779e-02
Bag_114+1,Corel2vs5_data_114,0,9.412310e+00,1.101655e-01,3.262432e-01,1.245517e+00,6.169388e-01,4.278860e-01,-2.037750e-02,-1.077472e-02,2.385232e-02
Bag_114+2,Corel2vs5_data_114,0,6.880737e+00,4.376566e+00,3.596760e+00,8.758766e+00,7.832778e+00,5.108986e+00,2.182393e-01,1.859283e-01,1.375083e-01
Bag_115+1,Corel2vs5_data_115,0,9.391001e+00,1.142956e-01,3.793939e-01,7.570345e-01,8.307170e-01,5.890620e-01,6.825179e-03,-2.641687e-05,2.682285e-02
Bag_115+2,Corel2vs5_data_115,0,5.428578e+00,8.634003e-02,-4.484303e-01,1.354729e+01,1.067392e+01,7.728029e+00,1.076903e-01,7.947104e-02,6.644864e-02
Bag_116+1,Corel2vs5_data_116,0,9.400113e+00,8.740412e-02,2.669355e-01,5.758082e-01,4.803597e-01,3.476362e-01,-8.012314e-04,-2.946336e-03,2.599948e-02
Bag_116+2,Corel2vs5_data_116,0,6.565070e+00,5.096676e-01,1.131842e+00,1.159356e+01,7.425500e+00,4.789066e+00,1.100263e-01,8.927516e-02,7.403199e-02
Bag_117+1,Corel2vs5_data_117,0,9.450610e+00,6.244289e-02,2.034659e-01,5.840883e-01,5.041766e-01,4.285627e-01,-6.541804e-03,-5.718433e-03,2.520169e-02
Bag_117+2,Corel2vs5_data_117,0,6.493182e+00,-1.385483e-01,1.771551e+00,1.649387e+01,1.059608e+01,7.864432e+00,1.359555e-01,1.238902e-01,9.658231e-02
Bag_118+1,Corel2vs5_data_118,0,9.416296e+00,1.039216e-01,1.538693e-01,5.274789e-01,5.071702e-01,3.267414e-01,1.059529e-02,4.907008e-04,2.681044e-02
Bag_118+2,Corel2vs5_data_118,0,6.683034e+00,1.952738e-01,1.770497e+00,1.143145e+01,7.825807e+00,5.200791e+00,6.779214e-02,5.098568e-02,5.173220e-02
Bag_119+1,Corel2vs5_data_119,0,9.396558e+00,1.086006e-01,1.587204e-01,1.251418e+00,4.457341e-01,3.373628e-01,1.142118e-02,6.822688e-04,2.686011e-02
Bag_119+2,Corel2vs5_data_119,0,6.583845e+00,2.128086e+00,2.361718e+00,5.841640e+00,6.366667e+00,3.939668e+00,6.246712e-02,5.697902e-02,5.835797e-02
Bag_120+1,Corel2vs5_data_120,0,9.423077e+00,2.076807e-02,1.550914e-01,6.440238e-01,6.217853e-01,4.389383e-01,7.093606e-03,6.265176e-05,2.683932e-02
Bag_120+2,Corel2vs5_data_120,0,6.288741e+00,-1.859668e-01,2.268358e+00,1.113179e+01,8.835836e+00,5.567358e+00,9.914713e-02,7.489406e-02,6.397974e-02
Bag_121+1,Corel2vs5_data_121,0,9.475206e+00,4.853368e-02,2.744886e-02,4.444054e-01,3.419427e-01,2.886451e-01,-4.137763e-03,-5.272440e-03,2.524118e-02
Bag_121+2,Corel2vs5_data_121,0,7.038771e+00,2.717618e-02,3.393053e+00,6.736095e+00,6.289109e+00,4.711979e+00,6.801403e-02,6.251191e-02,6.261119e-02
Bag_122+1,Corel2vs5_data_122,0,9.364922e+00,1.911196e-01,2.809382e-01,1.185465e+00,4.253339e-01,3.268768e-01,-6.878145e-03,-5.918189e-03,2.509582e-02
Bag_122+2,Corel2vs5_data_122,0,6.758683e+00,2.700181e+00,3.225778e+00,8.235278e+00,7.937821e+00,5.348953e+00,6.665254e-02,6.462845e-02,6.367963e-02
Bag_123+1,Corel2vs5_data_123,0,9.395120e+00,2.757085e-02,2.415422e-01,7.059752e-01,6.868910e-01,5.195611e-01,6.855769e-02,2.366437e-02,3.351288e-02
Bag_123+2,Corel2vs5_data_123,0,6.173421e+00,9.772959e-01,7.345369e-01,8.320116e+00,6.536670e+00,4.547833e+00,2.220265e-03,1.417829e-02,3.573878e-02
Bag_124+1,Corel2vs5_data_124,0,9.447794e+00,1.007190e-01,2.853316e-01,3.714786e-01,3.203619e-01,2.452447e-01,-1.461024e-02,-8.561369e-03,2.444097e-02
Bag_124+2,Corel2vs5_data_124,0,7.186172e+00,-6.896314e-01,2.530447e+00,1.294935e+01,6.729262e+00,4.677027e+00,1.577335e-01,1.292877e-01,1.018482e-01
Bag_125+1,Corel2vs5_data_125,0,9.405315e+00,4.143900e-02,4.068299e-02,7.623661e-01,5.642418e-01,4.652945e-01,2.028645e-02,8.234139e-03,2.981826e-02
Bag_125+2,Corel2vs5_data_125,0,7.079374e+00,1.391512e+00,1.992721e+00,6.153108e+00,6.451438e+00,4.333019e+00,6.655507e-02,4.420064e-02,4.773148e-02
Bag_126+1,Corel2vs5_data_126,0,9.264910e+00,-2.185063e-03,1.221906e-01,8.715453e-01,5.587360e-01,4.747041e-01,-5.991791e-03,-5.731516e-03,2.519139e-02
Bag_126+2,Corel2vs5_data_126,0,6.542596e+00,4.463308e-01,-5.581959e-01,1.173661e+01,5.300935e+00,4.068959e+00,1.381429e-01,1.204709e-01,9.595727e-02
Bag_127+1,Corel2vs5_data_127,0,9.426696e+00,9.409952e-02,2.525194e-01,7.691342e-01,6.566907e-01,5.361032e-01,6.410752e-02,2.227780e-02,3.305518e-02
Bag_127+2,Corel2vs5_data_127,0,5.878304e+00,2.266587e+00,1.118371e+00,8.128336e+00,8.598042e+00,5.869720e+00,-1.124927e-02,1.736870e-03,3.000675e-02
Bag_128+1,Corel2vs5_data_128,0,9.470773e+00,3.859310e-02,-6.207595e-04,5.721746e-01,4.912786e-01,3.733205e-01,2.929000e-03,-2.407446e-03,2.599171e-02
Bag_128+2,Corel2vs5_data_128,0,6.612836e+00,2.045480e+00,2.570376e+00,9.359663e+00,9.112704e+00,5.774884e+00,3.940823e-02,4.639838e-02,5.448902e-02
Bag_129+1,Corel2vs5_data_129,0,9.366788e+00,1.616497e-01,5.120607e-02,8.434614e-01,6.953955e-01,5.848532e-01,2.632167e-02,6.826933e-03,2.860621e-02
Bag_129+2,Corel2vs5_data_129,0,5.965112e+00,1.117263e+00,3.832747e-01,7.933311e+00,9.100902e+00,6.598399e+00,4.479901e-02,3.337784e-02,4.220529e-02
Bag_130+1,Corel2vs5_data_130,0,9.477534e+00,3.298959e-02,4.412105e-02,3.482643e-01,3.398307e-01,2.396907e-01,2.888649e-03,-1.330924e-03,2.644728e-02
Bag_130+2,Corel2vs5_data_130,0,6.744999e+00,1.829171e-01,2.633839e+00,5.560928e+00,6.103306e+00,4.026469e+00,6.853375e-02,5.526556e-02,5.684971e-02
Bag_131+1,Corel2vs5_data_131,0,9.386385e+00,1.571758e-01,6.171003e-02,6.641857e-01,5.838140e-01,4.447011e-01,5.307218e-03,-1.609008e-03,2.624472e-02
Bag_131+2,Corel2vs5_data_131,0,6.872173e+00,2.378878e+00,2.684348e+00,7.262756e+00,8.116949e+00,5.337422e+00,6.043264e-02,5.693895e-02,5.856758e-02
Bag_132+1,Corel2vs5_data_132,0,9.487865e+00,1.116021e-02,-1.262929e-02,4.184113e-01,2.855049e-01,2.736735e-01,4.665999e-03,2.353717e-03,2.839063e-02
Bag_132+2,Corel2vs5_data_132,0,8.352525e+00,2.499785e-01,1.085498e+00,3.888795e+00,3.369645e+00,2.464639e+00,1.007330e-01,5.867317e-02,5.336673e-02
Bag_133+1,Corel2vs5_data_133,0,9.337106e+00,1.560770e-01,2.275191e-01,8.431433e-01,6.226407e-01,4.617401e-01,-1.362617e-03,-4.061116e-03,2.563508e-02
Bag_133+2,Corel2vs5_data_133,0,6.000834e+00,2.930011e+00,2.644043e+00,8.570397e+00,7.584142e+00,5.338892e+00,5.693679e-02,6.377236e-02,6.543214e-02
Bag_134+1,Corel2vs5_data_134,0,9.468156e+00,4.795529e-02,2.998709e-02,4.105158e-01,3.445852e-01,2.737855e-01,1.097476e-02,6.705396e-03,2.983668e-02
Bag_134+2,Corel2vs5_data_134,0,7.597026e+00,1.672112e+00,1.937772e+00,5.825239e+00,4.537385e+00,3.306638e+00,4.007401e-02,2.971152e-02,4.243203e-02
Bag_135+1,Corel2vs5_data_135,0,9.445193e+00,8.237666e-02,2.433275e-01,4.939565e-01,4.356051e-01,3.651618e-01,-1.211673e-02,-7.558890e-03,2.470757e-02
Bag_135+2,Corel2vs5_data_135,0,6.679865e+00,1.108249e+00,1.976765e+00,9.558724e+00,9.433478e+00,7.441497e+00,9.500970e-02,8.581376e-02,7.758827e-02
Bag_136+1,Corel2vs5_data_136,0,9.437563e+00,1.078483e-01,1.963313e-01,5.839704e-01,4.345063e-01,3.728390e-01,-1.086766e-03,-3.860961e-03,2.567126e-02
Bag_136+2,Corel2vs5_data_136,0,7.122308e+00,1.127616e+00,3.358181e+00,8.374980e+00,7.741476e+00,5.503637e+00,5.474220e-02,4.993981e-02,5.387829e-02
Bag_137+1,Corel2vs5_data_137,0,9.373544e+00,1.329636e-01,8.832322e-02,7.692318e-01,5.634963e-01,4.745953e-01,2.025722e-02,3.426342e-03,2.755967e-02
Bag_137+2,Corel2vs5_data_137,0,6.165575e+00,4.225459e-01,1.785314e+00,7.147300e+00,7.022355e+00,4.724742e+00,3.021152e-02,3.886697e-02,5.038013e-02
Bag_138+1,Corel2vs5_data_138,0,9.477229e+00,3.602989e-02,1.548541e-02,4.359693e-01,3.721688e-01,2.932760e-01,2.739609e-02,1.335455e-02,3.219587e-02
Bag_138+2,Corel2vs5_data_138,0,8.112112e+00,7.802620e-01,1.685221e+00,3.166994e+00,3.135186e+00,2.317223e+00,5.480244e-02,3.066492e-02,4.045267e-02
Bag_139+1,Corel2vs5_data_139,0,9.399467e+00,8.637894e-02,2.241556e-01,7.782875e-01,5.845500e-01,4.503928e-01,3.566221e-03,-1.215364e-03,2.641978e-02
Bag_139+2,Corel2vs5_data_139,0,5.839260e+00,2.785661e+00,7.340652e-01,9.723092e+00,9.520429e+00,6.227970e+00,2.877421e-02,3.588941e-02,4.854337e-02
Bag_140+1,Corel2vs5_data_140,0,9.456690e+00,1.057440e-01,1.562432e-01,5.577074e-01,4.277188e-01,3.636895e-01,-1.037082e-02,-7.326415e-03,2.471563e-02
Bag_140+2,Corel2vs5_data_140,0,7.249187e+00,3.800963e-01,2.777177e+00,9.195822e+00,7.739560e+00,5.498847e+00,6.522694e-02,6.298378e-02,6.387503e-02
Bag_141+1,Corel2vs5_data_141,0,9.431034e+00,1.420867e-02,1.787671e-01,5.925969e-01,5.205368e-01,4.308894e-01,3.757578e-02,1.136277e-02,3.000549e-02
Bag_141+2,Corel2vs5_data_141,0,6.305506e+00,1.830156e-01,1.467681e-01,8.289258e+00,8.590458e+00,6.063867e+00,8.464616e-03,1.865621e-02,3.871073e-02
Bag_142+1,Corel2vs5_data_142,0,9.415435e+00,7.123269e-02,2.894464e-01,6.608058e-01,5.069584e-01,3.801677e-01,5.737519e-03,-3.257891e-04,2.670856e-02
Bag_142+2,Corel2vs5_data_142,0,6.697084e+00,1.189961e-01,2.035415e+00,8.314668e+00,7.102213e+00,5.389455e+00,4.116001e-02,4.598290e-02,5.355431e-02
Bag_143+1,Corel2vs5_data_143,0,9.428566e+00,9.369544e-02,1.547915e-01,6.422241e-01,5.330524e-01,4.196047e-01,1.106264e-02,3.991022e-04,2.675537e-02
Bag_143+2,Corel2vs5_data_143,0,6.280934e+00,1.863675e+00,2.426466e+00,8.651633e+00,7.385285e+00,5.221797e+00,4.845338e-02,4.264445e-02,4.819775e-02
Bag_144+1,Corel2vs5_data_144,0,9.360658e+00,2.133449e-01,4.234998e-01,7.329530e-01,6.331683e-01,4.270507e-01,1.818073e-02,2.991996e-03,2.747191e-02
Bag_144+2,Corel2vs5_data_144,0,5.810726e+00,2.034076e+00,1.594302e+00,7.537424e+00,9.466092e+00,5.517076e+00,2.848209e-02,3.424050e-02,4.697524e-02
Bag_145+1,Corel2vs5_data_145,0,9.330804e+00,5.718400e-02,3.355970e-01,8.721622e-01,6.372352e-01,4.938678e-01,-8.898791e-04,-3.487181e-03,2.575486e-02
Bag_145+2,Corel2vs5_data_145,0,5.900096e+00,3.281019e+00,1.622393e+00,8.307207e+00,8.487785e+00,5.690473e+00,3.882497e-02,4.173143e-02,5.041888e-02
Bag_146+1,Corel2vs5_data_146,0,9.440688e+00,1.193527e-01,4.098597e-01,6.305959e-01,4.951918e-01,4.480795e-01,3.808435e-02,1.095043e-02,2.977341e-02
Bag_146+2,Corel2vs5_data_146,0,6.395758e+00,8.202728e-01,9.698696e-01,9.500663e+00,8.704441e+00,6.769153e+00,2.616747e-03,1.669718e-02,3.778221e-02
Bag_147+1,Corel2vs5_data_147,0,9.397976e+00,1.394088e-01,2.032199e-01,5.944045e-01,5.303925e-01,4.074308e-01,2.953906e-03,-2.511216e-03,2.597849e-02
Bag_147+2,Corel2vs5_data_147,0,6.367994e+00,2.557963e+00,3.174281e+00,8.137977e+00,8.927935e+00,5.635452e+00,4.290813e-02,4.384189e-02,5.059040e-02
Bag_148+1,Corel2vs5_data_148,0,9.441529e+00,9.192302e-02,1.217864e-01,5.665877e-01,5.461800e-01,4.471926e-01,3.013816e-02,7.899528e-03,2.882249e-02
Bag_148+2,Corel2vs5_data_148,0,6.828811e+00,1.433821e+00,2.901847e+00,5.975749e+00,6.714335e+00,4.924500e+00,2.071690e-02,1.970329e-02,3.708878e-02
Bag_149+1,Corel2vs5_data_149,0,9.420823e+00,9.677342e-03,-5.086228e-02,5.879601e-01,4.820855e-01,4.274505e-01,8.925882e-03,-3.646851e-06,2.667565e-02
Bag_149+2,Corel2vs5_data_149,0,6.278573e+00,4.822042e-01,8.603996e-02,9.770178e+00,9.099083e+00,6.871863e+00,6.528272e-02,4.519695e-02,4.848839e-02
Bag_150+1,Corel2vs5_data_150,0,9.401496e+00,1.434629e-01,2.145920e-01,7.161782e-01,6.617029e-01,4.726236e-01,4.887685e-02,1.520489e-02,3.097458e-02
Bag_150+2,Corel2vs5_data_150,0,6.067459e+00,5.572632e-01,2.001144e+00,6.418672e+00,6.857358e+00,4.489100e+00,3.933401e-03,1.392221e-02,3.587399e-02
Bag_151+1,Corel2vs5_data_151,0,9.413142e+00,1.688044e-01,4.680601e-01,6.226320e-01,4.145324e-01,3.443909e-01,-2.959791e-03,-4.747197e-03,2.537170e-02
Bag_151+2,Corel2vs5_data_151,0,6.329253e+00,1.949421e+00,3.526317e+00,6.674417e+00,6.766004e+00,3.882388e+00,5.142144e-02,5.255745e-02,5.752150e-02
Bag_152+1,Corel2vs5_data_152,0,9.351814e+00,1.789366e-01,2.459185e-01,8.012122e-01,5.595423e-01,4.718558e-01,-5.485680e-03,-5.828505e-03,2.506341e-02
Bag_152+2,Corel2vs5_data_152,0,5.370930e+00,8.132648e-01,-2.785250e-01,1.079277e+01,1.056686e+01,7.071620e+00,8.213072e-02,8.645400e-02,8.320612e-02
Bag_153+1,Corel2vs5_data_153,0,9.325924e+00,1.708602e-01,1.004817e-01,8.782255e-01,6.013141e-01,4.595057e-01,1.055665e-02,1.728151e-04,2.674493e-02
Bag_153+2,Corel2vs5_data_153,0,5.536361e+00,1.181026e+00,1.976538e+00,1.041737e+01,1.019606e+01,7.344798e+00,3.577084e-02,4.900953e-02,5.756198e-02
Bag_154+1,Corel2vs5_data_154,0,9.438151e+00,6.942716e-02,5.483506e-02,7.391073e-01,5.120604e-01,4.649247e-01,-7.535503e-03,-6.095198e-03,2.505429e-02
Bag_154+2,Corel2vs5_data_154,0,5.483585e+00,6.433364e-01,3.309834e-01,1.245631e+01,9.647016e+00,8.166945e+00,1.059840e-01,7.496908e-02,6.324552e-02
Bag_155+1,Corel2vs5_data_155,0,9.370889e+00,7.609435e-02,6.927150e-02,7.881171e-01,6.724252e-01,4.842635e-01,-1.163336e-02,-7.303303e-03,2.477155e-02
Bag_155+2,Corel2vs5_data_155,0,4.952137e+00,-7.148613e-02,5.837893e-01,9.930785e+00,1.114649e+01,6.389707e+00,8.949864e-02,9.174035e-02,8.564107e-02
Bag_156+1,Corel2vs5_data_156,0,9.280161e+00,2.536451e-01,4.796290e-01,1.052937e+00,1.008700e+00,7.380373e-01,5.307836e-02,1.747174e-02,3.161617e-02
Bag_156+2,Corel2vs5_data_156,0,5.154210e+00,2.307920e+00,2.603640e+00,7.303802e+00,8.166750e+00,5.125821e+00,-1.613791e-02,1.363216e-03,3.019584e-02
Bag_157+1,Corel2vs5_data_157,0,9.452708e+00,2.047426e-02,6.902829e-02,4.590670e-01,5.790176e-01,3.694363e-01,-1.789418e-03,-4.271493e-03,2.551749e-02
Bag_157+2,Corel2vs5_data_157,0,5.651053e+00,1.920905e+00,2.185693e+00,9.799413e+00,1.197054e+01,7.312209e+00,4.163530e-02,3.802880e-02,4.748669e-02
Bag_158+1,Corel2vs5_data_158,0,9.408983e+00,9.269447e-02,1.235843e-01,6.889118e-01,5.656169e-01,4.445885e-01,1.963440e-02,3.394477e-03,2.755139e-02
Bag_158+2,Corel2vs5_data_158,0,6.618958e+00,1.515909e+00,2.752262e+00,5.557677e+00,6.031829e+00,3.681440e+00,2.832670e-02,3.110188e-02,4.397392e-02
Bag_159+1,Corel2vs5_data_159,0,9.367651e+00,6.175365e-02,-2.700133e-02,1.684733e+00,1.206245e+00,1.027152e+00,2.628596e-02,1.563101e-02,3.324453e-02
Bag_159+2,Corel2vs5_data_159,0,7.745734e+00,1.854774e+00,2.624743e+00,4.255969e+00,3.804892e+00,2.478312e+00,1.854508e-02,1.773505e-02,3.656021e-02
Bag_160+1,Corel2vs5_data_160,0,9.472917e+00,8.010534e-02,-3.941579e-02,5.168967e-01,4.072273e-01,3.683698e-01,3.322015e-02,1.885355e-02,3.442618e-02
Bag_160+2,Corel2vs5_data_160,0,7.710963e+00,1.750918e+00,1.908620e+00,5.594943e+00,4.961458e+00,3.635250e+00,1.744947e-02,1.536516e-02,3.512446e-02
Bag_161+1,Corel2vs5_data_161,0,9.458208e+00,7.629763e-02,7.955042e-02,5.712795e-01,5.089074e-01,3.798351e-01,-3.259703e-03,-4.781528e-03,2.538192e-02
Bag_161+2,Corel2vs5_data_161,0,6.375393e+00,2.579467e+00,2.980792e+00,8.983331e+00,9.629159e+00,6.277319e+00,5.894743e-02,5.681834e-02,5.799385e-02
Bag_162+1,Corel2vs5_data_162,0,9.293208e+00,3.048324e-01,4.124439e-01,8.334818e-01,5.501608e-01,3.958060e-01,9.353452e-03,1.780290e-04,2.679584e-02
Bag_162+2,Corel2vs5_data_162,0,5.400888e+00,2.196774e+00,1.929463e+00,9.412974e+00,8.332776e+00,5.064018e+00,2.981913e-02,3.067284e-02,4.510482e-02
Bag_163+1,Corel2vs5_data_163,0,9.460072e+00,6.851657e-02,3.355799e-02,5.819948e-01,4.036351e-01,3.423050e-01,3.565436e-02,2.013326e-02,3.488764e-02
Bag_163+2,Corel2vs5_data_163,0,7.662981e+00,1.915348e+00,1.786097e+00,4.579730e+00,3.596069e+00,2.728321e+00,7.296428e-03,1.302421e-02,3.451985e-02
Bag_164+1,Corel2vs5_data_164,0,9.484080e+00,3.749711e-02,-4.370813e-02,4.326726e-01,3.733938e-01,3.243631e-01,8.609034e-03,3.506276e-03,2.869569e-02
Bag_164+2,Corel2vs5_data_164,0,8.174545e+00,8.985503e-01,2.202682e+00,4.074111e+00,3.489699e+00,2.452073e+00,1.028932e-01,5.990545e-02,5.287113e-02
Bag_165+1,Corel2vs5_data_165,0,9.408171e+00,9.931974e-02,-5.119335e-04,8.267251e-01,7.626710e-01,5.395011e-01,-1.052710e-02,-6.554331e-03,2.504520e-02
Bag_165+2,Corel2vs5_data_165,0,5.171061e+00,3.842854e+00,1.424638e+00,8.984425e+00,1.029846e+01,5.597523e+00,1.430240e-01,1.045158e-01,7.870740e-02
Bag_166+1,Corel2vs5_data_166,0,9.405368e+00,9.353980e-02,1.603696e-01,8.448138e-01,6.446905e-01,4.638504e-01,2.087840e-03,-2.644274e-03,2.596849e-02
Bag_166+2,Corel2vs5_data_166,0,5.630952e+00,2.232392e+00,2.384059e+00,9.352009e+00,8.989318e+00,5.215714e+00,1.013076e-01,7.859751e-02,6.809415e-02
Bag_167+1,Corel2vs5_data_167,0,9.461989e+00,1.780285e-02,3.378284e-02,6.417074e-01,4.791153e-01,4.293121e-01,1.952974e-02,8.319440e-03,3.030032e-02
Bag_167+2,Corel2vs5_data_167,0,8.038736e+00,4.842720e-01,1.916767e+00,4.584011e+00,4.521674e+00,2.983829e+00,9.146858e-02,4.767315e-02,4.658613e-02
Bag_168+1,Corel2vs5_data_168,0,9.444785e+00,1.084936e-01,1.563691e-01,6.067876e-01,4.867921e-01,3.611358e-01,-2.665441e-03,-4.170920e-03,2.557351e-02
Bag_168+2,Corel2vs5_data_168,0,6.024051e+00,8.646598e-01,2.275166e+00,7.993575e+00,7.956511e+00,4.742634e+00,9.100227e-02,6.866489e-02,6.033972e-02
Bag_169+1,Corel2vs5_data_169,0,9.318948e+00,2.176664e-01,1.523167e-01,7.994454e-01,6.490651e-01,4.509200e-01,2.976676e-03,-2.801505e-03,2.586240e-02
Bag_169+2,Corel2vs5_data_169,0,5.606783e+00,-1.656626e-01,-1.367886e+00,8.925319e+00,9.319492e+00,5.658769e+00,5.188966e-02,4.854634e-02,5.497294e-02
Bag_170+1,Corel2vs5_data_170,0,9.461794e+00,6.486859e-02,6.697990e-02,3.725658e-01,4.072766e-01,2.716464e-01,-1.478664e-02,-9.310877e-03,2.415723e-02
Bag_170+2,Corel2vs5_data_170,0,6.236390e+00,1.156095e+00,2.207567e+00,7.570256e+00,1.070032e+01,5.445437e+00,4.775381e-02,5.225515e-02,5.698565e-02
Bag_171+1,Corel2vs5_data_171,0,9.421861e+00,6.196830e-02,1.101848e-01,5.859854e-01,5.181730e-01,3.921823e-01,3.148859e-02,8.051027e-03,2.887971e-02
Bag_171+2,Corel2vs5_data_171,0,6.492770e+00,1.085064e+00,1.903382e+00,6.845795e+00,8.005022e+00,5.128972e+00,2.495098e-03,1.489882e-02,3.720569e-02
Bag_172+1,Corel2vs5_data_172,0,9.344910e+00,1.071911e-01,-3.625169e-02,8.440756e-01,5.761254e-01,4.146369e-01,1.134415e-02,1.789236e-05,2.659707e-02
Bag_172+2,Corel2vs5_data_172,0,5.388140e+00,3.288551e+00,1.848263e+00,8.314489e+00,7.781915e+00,4.819174e+00,1.718244e-02,3.370020e-02,4.878649e-02
Bag_173+1,Corel2vs5_data_173,0,9.397039e+00,1.701340e-01,2.290349e-01,7.044446e-01,4.908564e-01,3.667855e-01,-5.521462e-03,-5.657712e-03,2.512806e-02
Bag_173+2,Corel2vs5_data_173,0,5.526388e+00,7.151255e-01,-2.765294e-01,1.012461e+01,9.917187e+00,6.014647e+00,6.458302e-02,6.577924e-02,6.731200e-02
Bag_174+1,Corel2vs5_data_174,0,9.387592e+00,1.312081e-01,1.587168e-01,6.468930e-01,5.762255e-01,4.554757e-01,2.210631e-03,-1.905388e-03,2.628549e-02
Bag_174+2,Corel2vs5_data_174,0,5.879274e+00,1.222942e-01,3.822928e-02,7.690047e+00,9.061743e+00,5.381843e+00,6.836919e-02,5.202547e-02,5.374935e-02
Bag_175+1,Corel2vs5_data_175,0,9.395766e+00,1.669581e-01,2.360557e-01,7.098373e-01,5.216081e-01,3.882934e-01,-1.829190e-02,-1.035496e-02,2.392008e-02
Bag_175+2,Corel2vs5_data_175,0,6.100906e+00,4.362198e+00,2.407407e+00,9.250022e+00,9.974745e+00,5.630683e+00,8.000901e-02,9.054907e-02,8.637642e-02
Bag_176+1,Corel2vs5_data_176,0,9.368629e+00,2.108123e-01,2.519649e-01,1.503749e+00,5.979091e-01,4.085568e-01,3.563109e-02,9.614540e-03,2.930523e-02
Bag_176+2,Corel2vs5_data_176,0,5.165823e+00,3.437248e+00,2.286367e+00,7.609288e+00,7.369699e+00,4.488587e+00,-2.132554e-02,5.504289e-03,3.382564e-02
Bag_177+1,Corel2vs5_data_177,0,9.337671e+00,2.242561e-01,3.882702e-01,8.818006e-01,6.710928e-01,5.158960e-01,-7.103116e-03,-6.048643e-03,2.503096e-02
Bag_177+2,Corel2vs5_data_177,0,5.933583e+00,4.458574e-01,-6.354106e-01,7.790999e+00,8.747617e+00,4.483270e+00,1.035263e-01,8.348157e-02,7.396524e-02
Bag_178+1,Corel2vs5_data_178,0,9.442426e+00,3.312228e-02,-1.091164e-01,4.804839e-01,3.763032e-01,2.610965e-01,-1.741642e-03,-3.256524e-03,2.591388e-02
Bag_178+2,Corel2vs5_data_178,0,7.043308e+00,1.342924e+00,1.039043e+00,5.026529e+00,4.916349e+00,2.985890e+00,4.298550e-02,4.830152e-02,5.510733e-02
Bag_179+1,Corel2vs5_data_179,0,9.369460e+00,4.841597e-02,-5.292747e-03,7.252235e-01,5.432634e-01,4.501548e-01,-2.171422e-03,-2.542960e-03,2.643541e-02
Bag_179+2,Corel2vs5_data_179,0,7.169511e+00,1.574369e+00,2.087629e+00,5.651561e+00,5.243233e+00,3.647013e+00,1.864424e-01,1.138037e-01,8.024377e-02
Bag_180+1,Corel2vs5_data_180,0,9.450137e+00,5.170415e-02,4.503719e-02,6.560090e-01,5.175828e-01,4.207632e-01,1.321020e-02,5.979969e-03,2.935363e-02
Bag_180+2,Corel2vs5_data_180,0,7.726649e+00,1.809002e+00,2.062524e+00,4.404254e+00,4.297462e+00,2.588335e+00,6.868277e-02,4.269774e-02,4.715984e-02
Bag_181+1,Corel2vs5_data_181,0,9.438030e+00,1.080451e-01,1.174285e-01,5.628212e-01,4.560784e-01,3.922346e-01,6.674876e-03,-1.250619e-03,2.636343e-02
Bag_181+2,Corel2vs5_data_181,0,5.993140e+00,1.123967e+00,6.321553e-01,8.358240e+00,8.214159e+00,5.471257e+00,3.709120e-02,3.968165e-02,4.884552e-02
Bag_182+1,Corel2vs5_data_182,0,9.458372e+00,7.047107e-02,7.761343e-02,5.420620e-01,4.065423e-01,3.572583e-01,-4.190654e-03,-5.065031e-03,2.533079e-02
Bag_182+2,Corel2vs5_data_182,0,6.315911e+00,6.552251e-01,7.654318e-01,9.729172e+00,1.065458e+01,6.980897e+00,4.453349e-02,5.391743e-02,5.976808e-02
Bag_183+1,Corel2vs5_data_183,0,9.292192e+00,2.376068e-01,2.626663e-01,7.394801e-01,6.388584e-01,4.911788e-01,9.824154e-03,3.659387e-04,2.677977e-02
Bag_183+2,Corel2vs5_data_183,0,6.021787e+00,1.484249e+00,2.366353e+00,6.759905e+00,8.174588e+00,4.980410e+00,5.613273e-02,4.846334e-02,5.228122e-02
Bag_184+1,Corel2vs5_data_184,0,9.400294e+00,1.568342e-01,4.738007e-02,6.317317e-01,4.853050e-01,3.931845e-01,1.182069e-03,-3.011056e-03,2.587164e-02
Bag_184+2,Corel2vs5_data_184,0,6.442249e+00,2.683291e-01,-9.632997e-01,8.321731e+00,8.894564e+00,5.856043e+00,6.215703e-02,6.306385e-02,6.566382e-02
Bag_185+1,Corel2vs5_data_185,0,9.407587e+00,1.619988e-01,2.349761e-01,6.147308e-01,4.938528e-01,4.044007e-01,7.796803e-03,-8.622750e-04,2.643153e-02
Bag_185+2,Corel2vs5_data_185,0,5.991789e+00,3.311454e-01,-4.343162e-01,7.560851e+00,8.486169e+00,5.678662e+00,4.155649e-02,3.986203e-02,4.949378e-02
Bag_186+1,Corel2vs5_data_186,0,9.285600e+00,2.654090e-01,5.296922e-01,9.571822e-01,7.399563e-01,5.724138e-01,2.342217e-02,4.578638e-03,2.780970e-02
Bag_186+2,Corel2vs5_data_186,0,5.486272e+00,2.476513e+00,1.836542e+00,1.123668e+01,1.071020e+01,8.203360e+00,2.898204e-02,3.814512e-02,4.970554e-02
Bag_187+1,Corel2vs5_data_187,0,9.414682e+00,2.055352e-01,7.302944e-01,6.768990e-01,5.733964e-01,4.459277e-01,3.410519e-02,8.362428e-03,2.883349e-02
Bag_187+2,Corel2vs5_data_187,0,5.615245e+00,3.615608e-01,6.481265e-01,1.170318e+01,1.265871e+01,7.911374e+00,-8.279474e-03,1.727642e-02,3.979677e-02
Bag_188+1,Corel2vs5_data_188,0,9.415945e+00,1.431500e-01,3.308081e-01,6.009211e-01,4.909913e-01,3.867391e-01,7.579405e-03,-4.061737e-04,2.660189e-02
Bag_188+2,Corel2vs5_data_188,0,6.113166e+00,-4.558751e-01,7.968007e-01,8.962703e+00,1.008490e+01,6.483829e+00,3.582627e-02,4.384699e-02,5.304073e-02
Bag_189+1,Corel2vs5_data_189,0,9.450784e+00,8.180506e-02,1.688203e-01,4.699881e-01,4.346634e-01,3.058418e-01,1.655006e-02,2.650012e-03,2.738152e-02
Bag_189+2,Corel2vs5_data_189,0,6.665042e+00,-4.775940e-01,3.287251e+00,7.077636e+00,7.056306e+00,4.153757e+00,3.038573e-02,2.865570e-02,4.217919e-02
Bag_190+1,Corel2vs5_data_190,0,9.428411e+00,1.375024e-01,1.638041e-01,6.273991e-01,4.848449e-01,3.775989e-01,-1.983772e-04,-3.551030e-03,2.576750e-02
Bag_190+2,Corel2vs5_data_190,0,5.818845e+00,1.286745e+00,1.439405e+00,1.005228e+01,8.079171e+00,5.656930e+00,4.499282e-02,4.704197e-02,5.416077e-02
Bag_191+1,Corel2vs5_data_191,0,9.464492e+00,2.235757e-02,3.807817e-03,4.306571e-01,4.590082e-01,3.418069e-01,3.284182e-02,1.345102e-02,3.153559e-02
Bag_191+2,Corel2vs5_data_191,0,7.801775e+00,4.755802e-01,1.499307e+00,4.308672e+00,4.297390e+00,2.886635e+00,7.374884e-02,3.723207e-02,4.205383e-02
Bag_192+1,Corel2vs5_data_192,0,9.394358e+00,1.177622e-01,1.287519e-01,6.281465e-01,4.412189e-01,3.253828e-01,-1.289440e-03,-3.910233e-03,2.567803e-02
Bag_192+2,Corel2vs5_data_192,0,5.869367e+00,2.960478e+00,1.727083e+00,8.073128e+00,7.329566e+00,4.917696e+00,4.503962e-02,4.362733e-02,5.131900e-02
Bag_193+1,Corel2vs5_data_193,0,9.316256e+00,2.263602e-01,2.719333e-01,7.807798e-01,5.369352e-01,4.187322e-01,2.959965e-03,-1.577132e-03,2.636362e-02
Bag_193+2,Corel2vs5_data_193,0,5.326386e+00,9.604541e-01,4.809068e-01,9.031600e+00,8.451120e+00,5.885674e+00,3.846795e-02,3.681933e-02,4.686984e-02
Bag_194+1,Corel2vs5_data_194,0,9.467895e+00,3.647086e-02,5.513232e-03,4.780990e-01,3.826962e-01,3.191845e-01,1.955954e-02,1.172550e-02,3.214604e-02
Bag_194+2,Corel2vs5_data_194,0,8.508432e+00,1.252494e+00,2.421954e+00,2.787278e+00,2.080534e+00,1.416411e+00,3.565175e-02,2.934894e-02,4.058416e-02
Bag_195+1,Corel2vs5_data_195,0,9.386478e+00,1.386747e-01,2.673782e-01,7.144343e-01,5.534199e-01,4.523532e-01,-1.444451e-02,-8.748014e-03,2.435272e-02
Bag_195+2,Corel2vs5_data_195,0,6.078852e+00,2.223135e+00,2.165198e+00,8.519290e+00,8.107087e+00,5.077540e+00,2.717328e-02,4.010309e-02,5.103466e-02
Bag_196+1,Corel2vs5_data_196,0,9.471525e+00,3.679463e-02,-4.044944e-03,4.855461e-01,3.740096e-01,2.971944e-01,1.784347e-02,1.027270e-02,3.116264e-02
Bag_196+2,Corel2vs5_data_196,0,7.966062e+00,7.345898e-01,2.108988e+00,3.520567e+00,3.622012e+00,2.198488e+00,4.737215e-02,3.115560e-02,4.173969e-02
Bag_197+1,Corel2vs5_data_197,0,9.418789e+00,1.819420e-01,2.789268e-01,5.981213e-01,5.326744e-01,3.805951e-01,-3.873632e-03,-5.611768e-03,2.512683e-02
Bag_197+2,Corel2vs5_data_197,0,6.298550e+00,6.375796e-01,1.734653e+00,9.845027e+00,9.595186e+00,5.896708e+00,5.084764e-02,6.887062e-02,7.187387e-02
Bag_198+1,Corel2vs5_data_198,0,9.347189e+00,2.128816e-01,3.603654e-01,5.698118e-01,5.071080e-01,3.398806e-01,3.441419e-03,-2.772427e-03,2.588118e-02
Bag_198+2,Corel2vs5_data_198,0,6.517144e+00,2.289875e+00,2.657559e+00,6.934193e+00,6.752684e+00,4.467268e+00,2.154587e-03,2.916411e-02,4.881905e-02
Bag_199+1,Corel2vs5_data_199,0,9.459471e+00,7.253742e-02,2.691733e-01,5.084968e-01,3.959444e-01,3.046589e-01,-3.727426e-03,-4.642800e-03,2.550363e-02
Bag_199+2,Corel2vs5_data_199,0,6.305436e+00,6.176079e-01,-3.727159e-01,8.548699e+00,7.587318e+00,5.450212e+00,5.457496e-02,4.714818e-02,5.207094e-02
Bag_200+1,Corel2vs5_data_200,0,9.417908e+00,9.308527e-02,1.853362e-01,6.366947e-01,5.254295e-01,3.555817e-01,1.367497e-02,1.662576e-03,2.721664e-02
Bag_200+2,Corel2vs5_data_200,0,6.389686e+00,5.628539e-01,3.286581e+00,7.670945e+00,8.139530e+00,5.330565e+00,2.503193e-02,3.326381e-02,4.588011e-02
