Bag_1+1,Corel2vs3_data_1,1,5.573042e+00,1.100841e+00,-1.333491e-01,1.082036e+01,1.038977e+01,5.349738e+00,4.154804e-01,3.345754e-01,2.306460e-01
Bag_1+2,Corel2vs3_data_1,1,2.856604e+00,2.078377e+00,-6.427985e-01,1.013069e+01,1.012948e+01,5.681001e+00,4.411888e-01,4.618750e-01,4.120666e-01
Bag_1+3,Corel2vs3_data_1,1,6.834335e+00,-2.108191e-01,-6.565351e-01,5.232471e+00,4.928102e+00,2.533641e+00,2.228548e-01,1.445223e-01,9.784774e-02
Bag_1+4,Corel2vs3_data_1,1,6.416903e+00,5.623038e+00,2.447807e+00,3.727840e+00,3.143822e+00,1.682284e+00,6.028027e-01,5.032570e-01,3.244115e-01
Bag_1+5,Corel2vs3_data_1,1,6.582651e+00,-2.098924e+00,-4.598677e+00,2.295631e+00,2.072071e+00,1.366890e+00,2.438632e-01,2.650537e-01,2.312221e-01
Bag_1+6,Corel2vs3_data_1,1,7.030938e+00,2.059508e+00,1.307590e+00,6.118065e+00,7.503668e+00,3.316879e+00,3.524629e-01,2.669843e-01,1.702286e-01
Bag_1+7,Corel2vs3_data_1,1,8.488246e+00,6.499814e-01,-1.676617e-01,5.092289e+00,6.585440e+00,2.702728e+00,1.856067e-01,1.464425e-01,1.053729e-01
Bag_1+8,Corel2vs3_data_1,1,8.019550e+00,2.946512e+00,7.048292e+00,3.546232e+00,3.990380e+00,1.732373e+00,-1.320153e-02,3.693251e-03,3.122398e-02
Bag_1+9,Corel2vs3_data_1,1,4.549914e+00,6.273707e-02,-1.895948e+00,1.068844e+01,9.903586e+00,5.359857e+00,6.154315e-01,6.712952e-01,6.470205e-01
Bag_1+10,Corel2vs3_data_1,1,4.170872e+00,4.337466e+00,5.788436e-01,8.599865e+00,7.911665e+00,4.369020e+00,3.345489e-01,2.537712e-01,1.721382e-01
Bag_2+1,Corel2vs3_data_2,1,4.955137e+00,3.229599e+00,1.194677e+00,7.141168e+00,8.758142e+00,4.469266e+00,1.017357e-01,7.523380e-02,6.541240e-02
Bag_2+2,Corel2vs3_data_2,1,7.341316e+00,-3.175328e+00,-3.538045e+00,7.711572e-01,4.105469e-01,3.468114e-01,-1.892639e-02,-2.716362e-03,2.776136e-02
Bag_2+3,Corel2vs3_data_2,1,8.708844e+00,-1.990096e-01,-5.876546e-02,3.067952e+00,2.755311e+00,1.914347e+00,-3.253004e-02,-1.581815e-02,2.224227e-02
Bag_3+1,Corel2vs3_data_3,1,7.841962e+00,-1.507813e+00,-8.750666e-01,1.630706e+00,1.069936e+00,6.688870e-01,6.956050e-02,5.562606e-02,5.409250e-02
Bag_3+2,Corel2vs3_data_3,1,6.539825e+00,-3.128962e+00,-2.462135e+00,9.827780e-01,7.175328e-01,4.886542e-01,7.609155e-02,7.765624e-02,7.231385e-02
Bag_3+3,Corel2vs3_data_3,1,7.900294e+00,2.498755e-02,6.247984e-01,4.039672e+00,2.921716e+00,1.998915e+00,1.979265e-02,2.965681e-02,4.263826e-02
Bag_4+1,Corel2vs3_data_4,1,5.356176e+00,-1.003617e+00,-3.162229e+00,1.645220e+00,5.686436e-01,5.436410e-01,2.148630e-02,3.278970e-02,4.473357e-02
Bag_4+2,Corel2vs3_data_4,1,6.404868e+00,1.473657e+00,1.341597e+00,6.263688e+00,4.379285e+00,3.016371e+00,1.683733e-01,1.048295e-01,7.680672e-02
Bag_4+3,Corel2vs3_data_4,1,3.815646e+00,-2.253929e+00,-5.578197e+00,1.106626e+00,4.437972e-01,3.710532e-01,2.901927e-02,2.953537e-02,4.098471e-02
Bag_4+4,Corel2vs3_data_4,1,8.163911e+00,7.313153e-01,1.006044e+00,1.889373e+00,1.464766e+00,9.348676e-01,-2.860871e-02,-1.509377e-02,2.232718e-02
Bag_5+1,Corel2vs3_data_5,1,6.700961e+00,-8.602242e-01,-1.201977e+00,6.234463e+00,5.485410e+00,3.485101e+00,4.013276e-01,2.706535e-01,1.620726e-01
Bag_5+2,Corel2vs3_data_5,1,6.695267e+00,-3.393135e+00,-5.245165e+00,1.870713e+00,1.521011e+00,1.195040e+00,1.549530e-01,1.688394e-01,1.313336e-01
Bag_5+3,Corel2vs3_data_5,1,8.313582e+00,-2.620149e-01,-2.824373e-01,3.006460e+00,2.381523e+00,1.828246e+00,-3.532130e-02,-1.399351e-02,2.350628e-02
Bag_6+1,Corel2vs3_data_6,1,3.430524e+00,-3.359512e-01,7.438734e-01,1.739376e+00,2.370772e+00,1.017358e+00,5.206118e-01,4.842739e-01,3.808462e-01
Bag_6+2,Corel2vs3_data_6,1,3.881031e+00,2.127042e+00,-3.017119e+00,3.273394e+00,3.156818e+00,1.626380e+00,5.727773e-01,5.548834e-01,4.524960e-01
Bag_6+3,Corel2vs3_data_6,1,6.727121e+00,3.176964e+00,2.715695e+00,1.105465e+00,1.471173e+00,6.597667e-01,1.648140e-01,8.788652e-02,6.005604e-02
Bag_6+4,Corel2vs3_data_6,1,4.892660e+00,6.125837e+00,-3.125887e+00,3.916669e+00,3.924746e+00,2.177451e+00,1.655108e+00,2.634681e+00,3.585923e+00
Bag_6+5,Corel2vs3_data_6,1,4.176995e+00,-1.307680e+00,-1.782703e+00,1.759892e+00,1.932117e+00,8.920389e-01,1.603764e-02,4.005077e-02,7.541184e-02
Bag_6+6,Corel2vs3_data_6,1,5.450818e+00,5.078235e+00,-5.454212e+00,3.337081e+00,3.276103e+00,1.907938e+00,3.664452e-01,2.468937e-01,1.453407e-01
Bag_6+7,Corel2vs3_data_6,1,8.064353e+00,2.135373e+00,2.125643e+00,1.727968e+00,1.755199e+00,9.617583e-01,2.027660e-01,1.393115e-01,9.843988e-02
Bag_6+8,Corel2vs3_data_6,1,4.844146e+00,8.858456e+00,-1.838036e+00,3.180378e+00,3.278047e+00,1.920107e+00,7.505491e-01,6.952912e-01,5.436198e-01
Bag_6+9,Corel2vs3_data_6,1,4.697724e+00,1.664493e+00,1.611119e+00,1.908831e+00,2.799104e+00,9.580151e-01,5.659302e-01,4.570559e-01,3.073077e-01
Bag_6+10,Corel2vs3_data_6,1,6.549226e+00,3.213838e+00,-1.466242e+00,5.276166e+00,4.778071e+00,2.451007e+00,1.384250e+00,2.152595e+00,3.248368e+00
Bag_7+1,Corel2vs3_data_7,1,6.216123e+00,6.265378e-01,5.113740e-01,1.213917e+01,1.163210e+01,6.295103e+00,9.362058e-02,7.877372e-02,6.607702e-02
Bag_7+2,Corel2vs3_data_7,1,7.088000e+00,-2.052375e+00,-3.273466e+00,3.634782e+00,1.589118e+00,1.386495e+00,1.317785e-01,1.007579e-01,8.634532e-02
Bag_7+3,Corel2vs3_data_7,1,8.717362e+00,6.075467e-01,9.585210e-01,2.025467e+00,1.436489e+00,1.057026e+00,2.347359e-02,2.875956e-02,4.164674e-02
Bag_7+4,Corel2vs3_data_7,1,6.379847e+00,-3.926839e+00,-5.889941e+00,7.248039e-01,2.084923e-01,2.099952e-01,1.172060e-01,1.188624e-01,9.362798e-02
Bag_8+1,Corel2vs3_data_8,1,4.983544e+00,-8.831545e-02,6.206913e-01,1.397345e+01,1.236667e+01,7.683213e+00,1.946076e-01,1.420796e-01,1.004204e-01
Bag_8+2,Corel2vs3_data_8,1,7.376974e+00,-4.088380e+00,-2.367009e+00,7.566431e-01,4.445238e-01,3.501309e-01,8.063380e-02,8.429512e-02,7.298905e-02
Bag_8+3,Corel2vs3_data_8,1,7.900044e+00,4.666478e-01,7.310531e-01,8.070780e+00,6.246463e+00,4.441968e+00,2.800434e-02,2.956525e-02,4.165334e-02
Bag_8+4,Corel2vs3_data_8,1,8.138457e+00,-2.258041e+00,-1.025946e+00,2.022334e+00,1.855806e+00,1.158569e+00,4.715222e-02,5.176633e-02,5.629908e-02
Bag_9+1,Corel2vs3_data_9,1,4.462236e+00,1.065889e-01,2.329317e-02,7.049600e+00,5.121983e+00,3.417810e+00,3.964858e-01,2.711368e-01,1.752929e-01
Bag_9+2,Corel2vs3_data_9,1,7.744157e+00,1.807312e-01,1.558736e+00,2.765608e+00,1.858922e+00,1.413838e+00,2.646912e-02,8.528633e-03,2.939200e-02
Bag_9+3,Corel2vs3_data_9,1,6.602454e+00,3.133340e+00,1.614368e+00,5.005299e+00,3.611477e+00,2.519214e+00,9.699208e-02,4.767452e-02,4.378328e-02
Bag_10+1,Corel2vs3_data_10,1,1.597383e+00,4.491556e-01,-2.033153e-01,9.192697e+00,8.467725e+00,6.381589e+00,2.304212e-01,1.617055e-01,1.150279e-01
Bag_10+2,Corel2vs3_data_10,1,5.001667e+00,5.709793e-01,4.097383e-01,1.306585e+01,1.271151e+01,8.363486e+00,3.428417e-01,2.535391e-01,1.626815e-01
Bag_10+3,Corel2vs3_data_10,1,4.146766e+00,-2.029697e+00,-2.878619e+00,3.593924e+00,2.253832e+00,1.947142e+00,7.053014e-02,2.831404e-02,3.566316e-02
Bag_10+4,Corel2vs3_data_10,1,7.827917e+00,2.817723e-01,7.265975e-01,5.656176e+00,4.809585e+00,3.398597e+00,3.037870e-02,1.369380e-02,3.192581e-02
Bag_11+1,Corel2vs3_data_11,1,4.039983e+00,9.932149e-01,7.943779e-02,1.030970e+01,8.598852e+00,6.271303e+00,1.591586e-01,1.684686e-01,1.352479e-01
Bag_11+2,Corel2vs3_data_11,1,4.954909e+00,-2.997396e+00,-1.783094e+00,2.428168e+00,1.412774e+00,1.165151e+00,6.868609e-02,7.095560e-02,7.144189e-02
Bag_11+3,Corel2vs3_data_11,1,7.225457e+00,6.489593e-01,7.617791e-01,6.465290e+00,5.620917e+00,3.628215e+00,8.970146e-02,5.134316e-02,4.822335e-02
Bag_11+4,Corel2vs3_data_11,1,5.503266e+00,-3.283557e+00,-3.959821e+00,6.915765e-01,4.232960e-01,4.284068e-01,1.368141e-01,1.372773e-01,1.116430e-01
Bag_11+5,Corel2vs3_data_11,1,5.757393e+00,2.374754e+00,1.512752e+00,9.442961e+00,9.833332e+00,6.004197e+00,2.761145e-01,1.677693e-01,1.051756e-01
Bag_12+1,Corel2vs3_data_12,1,3.096902e+00,2.968750e-01,-5.821218e-01,6.902436e+00,9.136943e+00,5.354559e+00,1.867455e-01,1.291892e-01,9.103854e-02
Bag_12+2,Corel2vs3_data_12,1,5.709996e+00,-1.940622e+00,-4.586869e+00,2.155987e+00,2.874905e+00,1.704083e+00,2.946692e-01,1.723501e-01,1.043133e-01
Bag_12+3,Corel2vs3_data_12,1,6.191988e+00,7.595146e-01,2.886436e+00,5.339481e+00,4.908550e+00,3.466440e+00,4.683102e-01,3.028304e-01,1.668986e-01
Bag_12+4,Corel2vs3_data_12,1,7.200215e+00,-2.311490e+00,-2.321146e+00,2.265244e+00,1.864555e+00,1.194128e+00,1.847304e-01,1.430907e-01,1.131618e-01
Bag_12+5,Corel2vs3_data_12,1,4.663533e+00,-1.371850e+00,1.830450e+00,7.004632e+00,6.983248e+00,4.896990e+00,2.616764e-01,1.503575e-01,9.156500e-02
Bag_12+6,Corel2vs3_data_12,1,4.858801e+00,-3.082875e+00,-7.428027e+00,8.799573e-01,7.894667e-01,5.875730e-01,1.007311e-01,6.848061e-02,6.155397e-02
Bag_12+7,Corel2vs3_data_12,1,8.096373e+00,2.385902e-01,6.365501e-02,3.533962e+00,2.583593e+00,1.557323e+00,1.407107e-01,1.300311e-01,9.987956e-02
Bag_12+8,Corel2vs3_data_12,1,6.494500e+00,-4.447800e+00,-4.855679e+00,1.078012e+00,9.911926e-01,5.928313e-01,7.988834e-02,5.985795e-02,5.701251e-02
Bag_13+1,Corel2vs3_data_13,1,5.220566e+00,1.650023e+00,4.692869e-01,3.568607e+00,3.534052e+00,2.313731e+00,-2.284159e-02,-1.044262e-02,2.414561e-02
Bag_13+2,Corel2vs3_data_13,1,7.523098e+00,-2.511753e+00,-3.097694e+00,1.535098e+00,8.222194e-01,5.795395e-01,-2.285150e-02,-1.769902e-03,3.108933e-02
Bag_13+3,Corel2vs3_data_13,1,8.099583e+00,3.893589e-01,5.731601e-01,2.737932e+00,3.385301e+00,1.875263e+00,1.249277e-01,8.653780e-02,7.070683e-02
Bag_13+4,Corel2vs3_data_13,1,5.739388e+00,-3.831227e+00,-7.262255e+00,3.735043e-01,1.677214e-01,1.607897e-01,1.379892e-02,2.619154e-02,4.484177e-02
Bag_14+1,Corel2vs3_data_14,1,7.180116e+00,-9.148952e-01,-1.533896e+00,3.885069e+00,1.886271e+00,1.535489e+00,-3.496430e-02,-1.306056e-02,2.391558e-02
Bag_14+2,Corel2vs3_data_14,1,4.264223e+00,3.312625e-01,-2.184004e-01,1.573128e+01,1.456308e+01,1.211541e+01,1.312070e-01,1.506356e-01,1.193010e-01
Bag_15+1,Corel2vs3_data_15,1,2.527330e+00,3.428482e-01,1.224375e-01,1.104880e+01,1.077493e+01,8.343465e+00,4.237424e-01,4.257511e-01,3.321742e-01
Bag_15+2,Corel2vs3_data_15,1,4.759079e+00,-1.167002e+00,9.068792e-01,9.819551e+00,9.551651e+00,7.325990e+00,1.681996e-01,1.310230e-01,9.517603e-02
Bag_15+3,Corel2vs3_data_15,1,4.918521e+00,-1.950229e+00,-5.029636e+00,3.113555e+00,3.191190e+00,2.326051e+00,9.997253e-02,1.161171e-01,9.683847e-02
Bag_15+4,Corel2vs3_data_15,1,8.697565e+00,-4.596199e-01,-4.100265e-01,3.346704e+00,2.202840e+00,1.617530e+00,3.296039e-01,1.887251e-01,1.094977e-01
Bag_15+5,Corel2vs3_data_15,1,4.777909e+00,1.860064e+00,6.562923e-01,8.640990e+00,9.152690e+00,6.364716e+00,2.215323e-01,1.833179e-01,1.409851e-01
Bag_15+6,Corel2vs3_data_15,1,6.360887e+00,5.711562e-02,1.236145e+00,8.296503e+00,7.583548e+00,5.850408e+00,1.432721e-01,7.556026e-02,5.847180e-02
Bag_16+1,Corel2vs3_data_16,1,6.827257e+00,-3.037098e+00,-1.303042e+00,1.071741e+00,8.434709e-01,6.175648e-01,3.494446e-01,3.142011e-01,2.377428e-01
Bag_16+2,Corel2vs3_data_16,1,4.144579e+00,-2.614922e+00,1.702929e+00,6.075714e+00,5.682151e+00,3.965513e+00,1.837253e-01,1.499819e-01,1.083706e-01
Bag_16+3,Corel2vs3_data_16,1,8.480419e+00,3.055888e-01,3.984855e-01,2.585256e+00,2.050471e+00,1.215479e+00,4.534862e-02,5.604919e-02,5.767015e-02
Bag_16+4,Corel2vs3_data_16,1,5.910554e+00,-1.673598e+00,5.873819e-01,7.208128e+00,6.576892e+00,4.495394e+00,1.054460e-01,8.955456e-02,7.533021e-02
Bag_16+5,Corel2vs3_data_16,1,7.973801e+00,-1.204902e+00,-3.060858e-01,1.220405e+00,9.173884e-01,6.484861e-01,1.764985e-01,1.507198e-01,1.083686e-01
Bag_17+1,Corel2vs3_data_17,1,3.222643e+00,8.493897e-01,-1.165046e+00,9.741668e+00,8.034293e+00,4.654120e+00,1.113317e+00,1.472030e+00,1.876231e+00
Bag_17+2,Corel2vs3_data_17,1,5.863952e+00,2.444930e+00,1.405627e+00,9.945318e+00,7.264726e+00,4.623150e+00,1.759415e-01,1.032033e-01,7.585545e-02
Bag_17+3,Corel2vs3_data_17,1,5.160903e+00,-6.265762e-01,-3.600489e+00,2.936981e+00,1.377133e+00,1.179357e+00,4.635439e-02,2.594767e-02,3.892955e-02
Bag_17+4,Corel2vs3_data_17,1,7.568899e+00,1.207121e+00,6.968839e-01,6.301343e+00,5.342369e+00,3.119896e+00,8.016341e-02,3.746304e-02,3.991938e-02
Bag_17+5,Corel2vs3_data_17,1,5.685001e+00,7.597795e-01,-4.888374e-01,6.042139e+00,5.013737e+00,3.020382e+00,3.286402e-01,2.715961e-01,1.979532e-01
Bag_17+6,Corel2vs3_data_17,1,5.795223e+00,5.579824e+00,2.034054e+00,6.417452e+00,4.255809e+00,2.918794e+00,1.094471e-01,7.009104e-02,5.955493e-02
Bag_18+1,Corel2vs3_data_18,1,4.936121e+00,8.249152e-01,4.556412e-01,1.633459e+01,1.099934e+01,8.135008e+00,3.041322e-01,2.680745e-01,2.028065e-01
Bag_18+2,Corel2vs3_data_18,1,8.355097e+00,-1.039659e+00,-9.384346e-01,1.917125e+00,1.070325e+00,8.014292e-01,-1.255182e-02,4.164801e-03,3.110413e-02
Bag_18+3,Corel2vs3_data_18,1,7.991980e+00,2.869203e-01,3.624690e-01,6.399110e+00,4.510812e+00,3.379432e+00,6.431022e-02,4.903634e-02,5.001552e-02
Bag_19+1,Corel2vs3_data_19,1,5.987033e+00,-4.444629e-01,-1.314140e+00,3.487551e+00,2.008303e+00,1.589741e+00,2.281663e-02,1.727348e-02,3.584342e-02
Bag_19+2,Corel2vs3_data_19,1,8.309040e+00,-1.392022e-01,-1.196548e+00,1.893522e+00,1.078035e+00,7.784953e-01,9.093270e-02,6.715091e-02,5.710625e-02
Bag_19+3,Corel2vs3_data_19,1,6.794083e+00,8.698886e-01,5.194586e-01,1.021177e+01,6.871144e+00,4.444272e+00,5.049160e-02,3.297924e-02,4.336610e-02
Bag_20+1,Corel2vs3_data_20,1,4.179602e+00,-1.837957e+00,-5.526876e-01,8.009182e+00,6.280694e+00,4.269761e+00,1.617163e-02,2.413720e-02,4.063781e-02
Bag_20+2,Corel2vs3_data_20,1,8.480786e+00,4.209559e-01,1.164350e+00,3.733732e+00,3.239858e+00,2.129822e+00,-9.099179e-04,1.570729e-02,3.651176e-02
Bag_20+3,Corel2vs3_data_20,1,7.105194e+00,-2.219157e+00,-2.826632e+00,1.136195e+00,8.180028e-01,7.158900e-01,1.136861e-01,8.707774e-02,7.460264e-02
Bag_21+1,Corel2vs3_data_21,1,7.923591e+00,2.341832e-01,2.708521e-01,2.635477e+00,1.745270e+00,1.266431e+00,3.853072e-03,-5.264457e-04,2.679999e-02
Bag_21+2,Corel2vs3_data_21,1,5.856721e+00,-9.569935e-01,-1.097753e+00,3.663702e+00,2.236725e+00,1.558596e+00,1.932955e-01,1.300866e-01,8.653042e-02
Bag_22+1,Corel2vs3_data_22,1,7.665131e+00,4.445796e-01,1.666667e-01,6.520916e+00,5.532037e+00,3.187847e+00,7.059333e-02,6.356571e-02,5.777559e-02
Bag_22+2,Corel2vs3_data_22,1,5.204219e+00,1.915183e-01,-1.932586e+00,2.639944e+00,1.401789e+00,1.020695e+00,-1.694798e-02,-3.363935e-03,2.736727e-02
Bag_23+1,Corel2vs3_data_23,1,4.399739e+00,-1.148647e+00,-1.708677e-01,5.982344e+00,3.590351e+00,2.610564e+00,1.782513e-01,1.054242e-01,7.295959e-02
Bag_23+2,Corel2vs3_data_23,1,6.952248e+00,-2.816530e+00,-2.661979e+00,2.246992e+00,9.743836e-01,7.361565e-01,1.915762e-02,1.496828e-02,3.411216e-02
Bag_23+3,Corel2vs3_data_23,1,7.526323e+00,-1.274220e-01,-1.398078e-02,7.570935e+00,4.668769e+00,3.477817e+00,1.901595e-01,9.334984e-02,6.241454e-02
Bag_24+1,Corel2vs3_data_24,1,5.304548e+00,-1.998342e+00,-4.323521e+00,4.371181e+00,1.611811e+00,9.522650e-01,2.994704e-03,1.201045e-02,3.494791e-02
Bag_24+2,Corel2vs3_data_24,1,8.268224e+00,7.291094e-01,9.603359e-01,2.066123e+00,1.696630e+00,9.022314e-01,-3.735548e-02,-1.426574e-02,2.349579e-02
Bag_24+3,Corel2vs3_data_24,1,6.576883e+00,-7.809778e-01,-2.513464e+00,3.630785e+00,2.432799e+00,1.053889e+00,2.008642e-01,2.152295e-01,1.743410e-01
Bag_25+1,Corel2vs3_data_25,1,4.081452e+00,1.587956e+00,8.901034e-01,7.931259e+00,4.052428e+00,2.524132e+00,2.668462e-01,1.786303e-01,1.150359e-01
Bag_25+2,Corel2vs3_data_25,1,6.717023e+00,4.395085e-01,1.035455e+00,3.652312e+00,2.292188e+00,1.459797e+00,1.417722e-01,6.803704e-02,5.347685e-02
Bag_25+3,Corel2vs3_data_25,1,5.346742e+00,-1.216471e+00,-3.315401e+00,8.293905e+00,4.044073e+00,2.373966e+00,5.522587e-02,7.058088e-02,7.036132e-02
Bag_25+4,Corel2vs3_data_25,1,8.650387e+00,7.668135e-03,-1.479399e-01,1.547265e+00,7.323628e-01,5.981321e-01,9.594857e-02,5.242851e-02,4.932757e-02
Bag_26+1,Corel2vs3_data_26,1,5.564130e+00,-2.986708e+00,-1.622517e+00,2.912234e+00,1.259469e+00,9.016210e-01,1.427300e-01,1.258905e-01,9.490675e-02
Bag_26+2,Corel2vs3_data_26,1,5.836732e+00,5.492717e+00,4.192267e-01,4.106701e+00,4.664417e+00,2.554679e+00,5.029564e-01,3.812638e-01,2.342969e-01
Bag_26+3,Corel2vs3_data_26,1,6.586163e+00,-6.668712e-01,-1.215475e+00,1.232076e+00,5.136161e-01,3.896407e-01,1.159691e-01,7.723791e-02,6.324633e-02
Bag_26+4,Corel2vs3_data_26,1,7.984119e+00,-3.729001e-02,4.309101e-01,2.117255e+00,1.317798e+00,9.060606e-01,2.150544e-02,2.316760e-02,3.839164e-02
Bag_27+1,Corel2vs3_data_27,1,8.018784e+00,7.080021e-01,2.324769e+00,2.285407e+00,1.664323e+00,1.296916e+00,-1.407438e-04,3.733583e-03,3.025447e-02
Bag_27+2,Corel2vs3_data_27,1,7.628650e+00,-3.044748e+00,-3.388902e+00,6.174569e-01,2.674042e-01,2.242181e-01,-3.013777e-02,-1.117840e-02,2.457033e-02
Bag_28+1,Corel2vs3_data_28,1,7.574462e+00,2.339759e-02,-7.429636e-03,3.340516e+00,3.951992e+00,2.073631e+00,2.803398e-02,3.888876e-02,4.754219e-02
Bag_28+2,Corel2vs3_data_28,1,7.317744e+00,-1.406585e+00,-1.914682e+00,1.566232e+00,1.012078e+00,7.153261e-01,-1.040791e-02,3.882187e-05,2.852648e-02
Bag_29+1,Corel2vs3_data_29,1,2.292095e+00,-2.406250e-01,5.341137e-01,1.019918e+01,1.093064e+01,6.725696e+00,4.295108e-01,3.688481e-01,2.705026e-01
Bag_29+2,Corel2vs3_data_29,1,6.811722e+00,-1.257785e+00,-1.324158e+00,2.791638e+00,2.856158e+00,1.419261e+00,1.261473e-01,1.047752e-01,7.991590e-02
Bag_29+3,Corel2vs3_data_29,1,5.270236e+00,-1.540079e-01,1.793566e+00,8.981390e+00,9.371009e+00,5.602454e+00,4.625989e-01,3.271020e-01,1.914145e-01
Bag_29+4,Corel2vs3_data_29,1,8.363080e+00,1.649310e-01,3.887457e-01,3.607754e+00,3.222856e+00,1.780169e+00,2.768692e-02,2.115645e-02,3.668422e-02
Bag_30+1,Corel2vs3_data_30,1,4.553449e+00,6.530088e-02,1.052287e-01,8.639922e+00,6.626613e+00,4.120335e+00,1.942305e-01,1.724446e-01,1.276440e-01
Bag_30+2,Corel2vs3_data_30,1,7.574751e+00,5.253906e-01,1.943145e-01,4.012042e+00,2.799088e+00,1.953630e+00,1.340964e-01,6.744015e-02,5.199277e-02
Bag_30+3,Corel2vs3_data_30,1,6.269593e+00,-6.813666e-01,-7.278468e-01,2.415284e+00,1.405095e+00,1.126848e+00,3.974370e-02,3.176936e-02,4.093461e-02
Bag_31+1,Corel2vs3_data_31,1,8.266283e+00,-9.104870e-02,-5.713637e-01,1.357048e+00,4.378524e-01,3.560767e-01,-4.681243e-02,-2.136920e-02,2.082811e-02
Bag_31+2,Corel2vs3_data_31,1,7.182983e+00,6.673433e-01,2.943597e+00,3.592324e+00,2.271596e+00,1.976095e+00,-3.940143e-02,-1.678387e-02,2.244968e-02
Bag_32+1,Corel2vs3_data_32,1,8.211315e+00,3.909697e-01,1.260999e-02,1.037934e+00,5.780891e-01,4.753591e-01,-3.349344e-02,-1.435688e-02,2.315011e-02
Bag_32+2,Corel2vs3_data_32,1,3.941762e+00,3.606606e-01,5.873616e-01,4.608351e+00,4.331348e+00,2.845149e+00,-3.879207e-02,-1.546227e-02,2.298868e-02
Bag_33+1,Corel2vs3_data_33,1,5.624150e+00,1.286899e+00,1.656059e+00,7.452640e+00,8.136433e+00,5.551583e+00,2.363987e-01,1.289366e-01,8.188575e-02
Bag_33+2,Corel2vs3_data_33,1,7.299257e+00,-3.210435e-01,-2.117221e+00,1.916987e+00,1.747401e+00,1.136888e+00,9.288831e-02,6.224756e-02,5.606474e-02
Bag_33+3,Corel2vs3_data_33,1,8.621769e+00,4.205088e-01,7.797202e-01,3.090931e+00,1.902128e+00,1.414883e+00,1.234868e-01,1.480614e-01,1.248307e-01
Bag_33+4,Corel2vs3_data_33,1,5.927822e+00,-1.435089e+00,-5.272334e+00,6.282308e-01,5.115712e-01,3.728663e-01,3.062493e-03,1.521283e-02,4.001658e-02
Bag_33+5,Corel2vs3_data_33,1,6.567761e+00,1.013058e+00,4.212741e+00,6.276308e+00,6.070775e+00,5.088340e+00,9.649213e-02,4.444077e-02,4.184816e-02
Bag_34+1,Corel2vs3_data_34,1,3.210282e+00,3.805108e-01,4.278763e-01,8.236715e+00,8.159996e+00,6.510770e+00,4.786012e-01,4.342803e-01,3.284740e-01
Bag_34+2,Corel2vs3_data_34,1,6.983142e+00,-1.488909e+00,-2.965338e+00,2.240666e+00,1.556914e+00,1.173671e+00,1.375799e-01,8.501817e-02,6.670636e-02
Bag_34+3,Corel2vs3_data_34,1,8.841415e+00,1.820232e-02,2.451514e-01,2.383503e+00,2.082341e+00,1.648621e+00,-1.368391e-02,-1.374014e-03,2.820010e-02
Bag_34+4,Corel2vs3_data_34,1,5.777698e+00,-2.965897e+00,-5.016571e+00,1.304915e+00,7.070785e-01,5.989289e-01,-2.657281e-02,-1.109547e-02,2.401319e-02
Bag_34+5,Corel2vs3_data_34,1,5.486271e+00,-6.411007e-01,2.698039e+00,6.930894e+00,6.704764e+00,5.236308e+00,2.298059e-01,1.394365e-01,9.554815e-02
Bag_35+1,Corel2vs3_data_35,1,5.044091e+00,1.051068e+00,1.416099e+00,9.932327e+00,8.075809e+00,6.057596e+00,2.518617e-01,2.293495e-01,2.008204e-01
Bag_35+2,Corel2vs3_data_35,1,5.982398e+00,-9.634802e-01,-7.897369e-01,7.013571e+00,4.729789e+00,3.857264e+00,1.118272e-02,1.522531e-02,3.757197e-02
Bag_35+3,Corel2vs3_data_35,1,7.868665e+00,-4.951000e-01,1.438093e-01,3.486199e+00,2.645016e+00,2.050531e+00,-3.468025e-02,-1.291109e-02,2.407264e-02
Bag_35+4,Corel2vs3_data_35,1,6.694619e+00,-1.142364e+00,-3.089488e+00,3.685146e+00,1.366876e+00,1.206530e+00,-2.429995e-02,-5.437773e-03,2.689534e-02
Bag_36+1,Corel2vs3_data_36,1,4.658456e+00,-1.071379e+00,-2.613533e-01,6.323983e+00,6.521247e+00,4.602574e+00,1.470494e-01,9.119061e-02,7.191500e-02
Bag_36+2,Corel2vs3_data_36,1,4.066712e+00,-2.467848e+00,-5.551385e+00,3.514815e-01,3.863182e-01,2.414905e-01,-2.823462e-02,-1.093011e-02,2.450983e-02
Bag_36+3,Corel2vs3_data_36,1,7.692974e+00,-7.007758e-01,-7.420110e-01,3.789761e+00,2.663851e+00,1.514295e+00,2.366637e-01,1.424263e-01,9.051064e-02
Bag_36+4,Corel2vs3_data_36,1,6.125294e+00,-1.968283e+00,-3.141198e+00,1.874891e+00,1.789976e+00,1.008451e+00,1.236411e-01,6.786994e-02,5.312802e-02
Bag_37+1,Corel2vs3_data_37,1,6.055239e+00,1.607331e-01,1.534997e+00,8.879248e+00,7.016144e+00,5.458481e+00,4.950064e-02,4.573676e-02,5.148382e-02
Bag_37+2,Corel2vs3_data_37,1,7.475403e+00,-1.807887e+00,-9.349807e-01,1.844812e+00,1.282591e+00,7.948353e-01,1.561899e-01,1.074939e-01,8.710268e-02
Bag_37+3,Corel2vs3_data_37,1,7.745618e+00,1.811861e-01,1.950562e+00,2.019012e+00,1.256885e+00,1.040830e+00,9.108459e-02,6.219686e-02,5.578464e-02
Bag_37+4,Corel2vs3_data_37,1,6.169533e+00,-3.019309e+00,-5.047520e+00,7.932165e-01,5.817849e-01,3.988797e-01,1.102215e-01,1.036977e-01,8.475181e-02
Bag_38+1,Corel2vs3_data_38,1,4.814892e+00,5.233556e-01,6.115746e-01,8.183533e+00,6.188496e+00,3.732335e+00,3.716738e-01,2.766894e-01,1.781960e-01
Bag_38+2,Corel2vs3_data_38,1,7.769136e+00,3.582304e-01,6.892023e-01,1.894716e+00,1.303395e+00,8.188226e-01,-1.392770e-02,-1.897234e-03,2.787527e-02
Bag_38+3,Corel2vs3_data_38,1,6.971901e+00,-2.328847e+00,-2.638345e+00,1.229987e+00,6.942363e-01,5.677570e-01,1.197615e-01,1.276349e-01,9.999815e-02
Bag_39+1,Corel2vs3_data_39,1,5.743987e+00,7.358292e-01,2.330095e+00,7.131061e+00,5.309382e+00,3.943254e+00,4.458332e-01,4.565332e-01,3.531598e-01
Bag_39+2,Corel2vs3_data_39,1,6.943369e+00,-4.210105e+00,-2.235857e+00,1.858791e+00,8.178422e-01,6.685444e-01,7.271070e-02,6.502196e-02,6.366242e-02
Bag_39+3,Corel2vs3_data_39,1,8.133810e+00,-5.145763e-01,7.094557e-02,3.466063e+00,2.012982e+00,1.580350e+00,7.126055e-02,6.519674e-02,6.736235e-02
Bag_39+4,Corel2vs3_data_39,1,7.980611e+00,-1.426622e+00,-2.580676e+00,4.510213e-01,1.700266e-01,1.608736e-01,-9.377613e-03,6.433324e-03,3.171096e-02
Bag_40+1,Corel2vs3_data_40,1,8.177913e+00,2.123346e-01,7.377285e-01,3.410001e+00,2.810919e+00,1.903857e+00,-2.957891e-02,-1.174811e-02,2.401619e-02
Bag_40+2,Corel2vs3_data_40,1,4.992475e+00,-2.539238e-02,4.188411e-01,9.434010e+00,8.184425e+00,5.153785e+00,2.735039e-01,2.488046e-01,1.838765e-01
Bag_41+1,Corel2vs3_data_41,1,6.683868e+00,4.350655e+00,2.780105e-01,7.041178e+00,5.412040e+00,3.568800e+00,3.825910e-01,5.512738e-01,6.713852e-01
Bag_41+2,Corel2vs3_data_41,1,3.270380e+00,-3.602813e-01,-1.177656e+00,1.051397e+01,1.003067e+01,6.543933e+00,1.360970e-01,9.112686e-02,6.984914e-02
Bag_41+3,Corel2vs3_data_41,1,8.124178e+00,-2.448995e-01,-1.276638e-01,6.247653e+00,5.475470e+00,3.525918e+00,7.161375e-02,4.029153e-02,4.303909e-02
Bag_41+4,Corel2vs3_data_41,1,6.438638e+00,-1.193495e+00,-1.529851e+00,5.359929e+00,4.415987e+00,2.777602e+00,1.500099e-01,9.965550e-02,7.272177e-02
Bag_41+5,Corel2vs3_data_41,1,5.921688e+00,9.261539e+00,-8.785256e-01,3.651659e+00,3.317373e+00,2.580100e+00,3.591326e-01,2.591932e-01,1.707445e-01
Bag_42+1,Corel2vs3_data_42,1,4.122667e+00,1.478376e+00,1.456174e+00,9.677482e+00,7.666323e+00,6.089699e+00,3.240634e-01,2.728972e-01,2.052877e-01
Bag_42+2,Corel2vs3_data_42,1,5.414789e+00,-1.265286e+00,-1.987598e+00,2.475790e+00,1.361747e+00,9.912586e-01,7.572798e-02,6.606364e-02,6.452545e-02
Bag_42+3,Corel2vs3_data_42,1,7.866416e+00,3.162500e-01,2.782009e-01,4.912366e+00,3.605122e+00,2.744002e+00,1.006856e-01,7.290684e-02,6.159563e-02
Bag_42+4,Corel2vs3_data_42,1,4.954395e+00,-2.123262e+00,-4.515192e+00,7.563026e-01,2.389682e-01,1.942297e-01,3.619084e-02,3.863402e-02,4.639289e-02
Bag_42+5,Corel2vs3_data_42,1,6.712459e+00,1.525083e+00,2.571549e+00,6.762008e+00,4.755670e+00,3.715748e+00,5.751812e-02,2.923596e-02,4.039613e-02
Bag_43+1,Corel2vs3_data_43,1,5.225257e+00,4.271804e+00,1.167694e+00,9.670419e+00,8.988956e+00,6.336864e+00,1.074665e-01,5.663889e-02,4.903158e-02
Bag_43+2,Corel2vs3_data_43,1,3.699295e+00,-3.505643e-01,8.245344e-01,9.175327e+00,7.956808e+00,5.685088e+00,5.299269e-01,4.611335e-01,4.129967e-01
Bag_43+3,Corel2vs3_data_43,1,6.235423e+00,-9.594068e-01,4.159251e+00,7.183011e+00,7.038273e+00,4.849511e+00,1.205452e-01,9.179192e-02,7.558572e-02
Bag_43+4,Corel2vs3_data_43,1,5.116370e+00,-3.206811e+00,-4.500185e+00,1.129643e+00,4.139899e-01,3.155838e-01,9.245237e-02,8.089332e-02,6.754006e-02
Bag_43+5,Corel2vs3_data_43,1,5.550029e+00,8.057282e+00,-5.886468e-01,7.720037e+00,7.216918e+00,5.588700e+00,-1.877601e-02,-4.026117e-03,2.768118e-02
Bag_43+6,Corel2vs3_data_43,1,6.173660e+00,-2.166830e+00,-2.327447e+00,2.055411e+00,1.077718e+00,7.395698e-01,9.581294e-02,7.438571e-02,6.393382e-02
Bag_43+7,Corel2vs3_data_43,1,8.117754e+00,6.621818e-01,1.535069e+00,4.222691e+00,2.205860e+00,1.831428e+00,1.144990e-01,8.701535e-02,7.257877e-02
Bag_44+1,Corel2vs3_data_44,1,6.399834e+00,9.949367e-02,2.910554e+00,3.747449e+00,2.490820e+00,1.955682e+00,5.579890e-03,1.383252e-02,3.629630e-02
Bag_44+2,Corel2vs3_data_44,1,4.561244e+00,-2.620974e+00,-3.893845e+00,9.168933e-01,5.450169e-01,3.633870e-01,5.763021e-03,1.029197e-02,3.391466e-02
Bag_44+3,Corel2vs3_data_44,1,7.920204e+00,1.140588e-01,7.497452e-01,3.107413e+00,1.591547e+00,1.240292e+00,2.316777e-01,1.509365e-01,9.985851e-02
Bag_44+4,Corel2vs3_data_44,1,6.854497e+00,-1.081608e+00,-2.813398e+00,7.555670e-01,3.445695e-01,2.772584e-01,-9.617111e-03,9.790192e-03,3.401075e-02
Bag_45+1,Corel2vs3_data_45,1,8.743778e+00,-1.059263e-01,2.147812e-01,2.431470e+00,1.649957e+00,1.260274e+00,6.404477e-02,3.171009e-02,3.867246e-02
Bag_45+2,Corel2vs3_data_45,1,6.188616e+00,7.239262e-02,1.574936e+00,6.492681e+00,5.751504e+00,4.338624e+00,3.526496e-02,2.236268e-02,3.618777e-02
Bag_46+1,Corel2vs3_data_46,1,7.626154e+00,9.134575e-02,-1.800890e-01,2.266296e+00,1.166909e+00,7.960957e-01,-3.187087e-02,-1.051784e-02,2.493052e-02
Bag_46+2,Corel2vs3_data_46,1,4.470034e+00,-6.572432e-02,1.629250e-01,3.201868e+00,2.466264e+00,1.172113e+00,2.684298e-01,1.892340e-01,1.259266e-01
Bag_47+1,Corel2vs3_data_47,1,7.979531e+00,4.620440e-01,1.188729e+00,3.203363e+00,2.285618e+00,1.426597e+00,4.490690e-03,1.877308e-02,3.771427e-02
Bag_47+2,Corel2vs3_data_47,1,6.060736e+00,-2.422600e+00,-2.717402e+00,2.786895e+00,1.178367e+00,8.890690e-01,-1.165541e-02,5.414758e-03,3.160992e-02
Bag_48+1,Corel2vs3_data_48,1,6.422084e+00,-2.253369e-01,7.400093e-03,4.648083e+00,3.770757e+00,2.530282e+00,4.965656e-01,4.324610e-01,3.082922e-01
Bag_48+2,Corel2vs3_data_48,1,3.796100e+00,4.233590e-01,6.515397e-01,7.254933e+00,1.012313e+01,6.112379e+00,2.814060e-01,2.057336e-01,1.475054e-01
Bag_48+3,Corel2vs3_data_48,1,5.273037e+00,-3.323052e+00,-4.003637e+00,6.558833e-01,2.891104e-01,2.314491e-01,1.085246e-01,8.473741e-02,6.702829e-02
Bag_48+4,Corel2vs3_data_48,1,7.458537e+00,1.341086e+00,1.696338e+00,6.091341e+00,5.052976e+00,3.478030e+00,-1.375679e-03,6.516734e-03,3.127779e-02
Bag_48+5,Corel2vs3_data_48,1,6.268822e+00,-2.045201e+00,-2.312994e+00,1.788269e+00,1.295503e+00,8.752909e-01,1.129315e-01,8.679435e-02,7.011203e-02
Bag_48+6,Corel2vs3_data_48,1,5.633750e+00,-1.762859e-01,2.535891e+00,6.778539e+00,7.246823e+00,5.103982e+00,1.160709e-01,6.482317e-02,5.422519e-02
Bag_49+1,Corel2vs3_data_49,1,8.134119e+00,9.905824e-02,3.487127e-01,3.182753e+00,2.294304e+00,1.652018e+00,-2.143075e-02,-1.869017e-03,2.857222e-02
Bag_49+2,Corel2vs3_data_49,1,5.877585e+00,-3.412852e+00,-3.035798e+00,1.211344e+00,3.571936e-01,3.002388e-01,2.374443e-02,3.459933e-02,4.526038e-02
Bag_50+1,Corel2vs3_data_50,1,7.206882e+00,-9.659469e-02,6.696296e-01,3.951887e+00,2.686204e+00,1.916604e+00,-4.029975e-02,-1.797701e-02,2.188726e-02
Bag_50+2,Corel2vs3_data_50,1,6.994018e+00,-1.574517e+00,-2.476146e+00,9.291765e-01,5.995508e-01,4.235384e-01,-3.238629e-02,-1.401154e-02,2.324253e-02
Bag_51+1,Corel2vs3_data_51,1,3.728883e+00,2.293630e+00,-2.752394e-01,9.905807e+00,7.394645e+00,5.258797e+00,8.486367e-01,9.524242e-01,8.131098e-01
Bag_51+2,Corel2vs3_data_51,1,7.582920e+00,1.021544e-01,1.422227e-01,4.144040e+00,2.883130e+00,2.031837e+00,-6.558863e-03,5.370210e-03,3.123069e-02
Bag_51+3,Corel2vs3_data_51,1,5.296055e+00,-2.310622e+00,-3.485138e+00,2.174250e+00,1.593870e+00,1.052261e+00,2.536773e-01,2.318161e-01,2.095814e-01
Bag_51+4,Corel2vs3_data_51,1,7.527388e+00,-5.763544e-01,-1.415070e+00,1.791591e+00,1.309286e+00,8.037545e-01,4.892187e-02,5.249681e-02,5.495368e-02
Bag_52+1,Corel2vs3_data_52,1,5.160114e+00,-7.261704e-01,8.102074e-01,4.901802e+00,3.771334e+00,2.830108e+00,1.298144e-01,8.178002e-02,6.201731e-02
Bag_52+2,Corel2vs3_data_52,1,7.185362e+00,8.389874e-01,1.863264e+00,5.719257e+00,4.895844e+00,3.487172e+00,2.587471e-02,2.429048e-02,3.991823e-02
Bag_52+3,Corel2vs3_data_52,1,6.157087e+00,-1.323239e+00,-1.905556e+00,1.034079e+00,6.603980e-01,3.373309e-01,1.472632e-02,2.797461e-02,4.220388e-02
Bag_53+1,Corel2vs3_data_53,1,8.136450e+00,-1.674562e-01,-2.058781e-01,1.472227e+00,1.230370e+00,7.611696e-01,-6.712818e-03,-6.323645e-03,2.492873e-02
Bag_53+2,Corel2vs3_data_53,1,5.795431e+00,3.060908e+00,2.715368e+00,2.924843e+00,3.781524e+00,1.835051e+00,4.155497e-02,3.041254e-02,4.017323e-02
Bag_54+1,Corel2vs3_data_54,1,3.690608e+00,-2.961340e-01,1.052079e+00,8.781036e+00,1.265115e+01,6.763125e+00,2.030283e-01,1.267944e-01,8.580808e-02
Bag_54+2,Corel2vs3_data_54,1,7.830580e+00,-1.668925e-01,1.028959e+00,4.276927e+00,5.262500e+00,2.512592e+00,1.017818e-01,5.645569e-02,4.955191e-02
Bag_54+3,Corel2vs3_data_54,1,6.022157e+00,-4.701667e-01,1.954441e+00,7.340587e+00,9.643379e+00,5.168235e+00,7.697853e-02,4.363839e-02,4.412935e-02
Bag_55+1,Corel2vs3_data_55,1,5.321010e+00,-3.015438e-02,5.735122e-01,8.733581e+00,9.079665e+00,5.846590e+00,1.238092e-01,6.271950e-02,5.127805e-02
Bag_55+2,Corel2vs3_data_55,1,5.593962e+00,-1.112264e+00,-4.850635e+00,1.432014e+00,1.298585e+00,8.627953e-01,-1.714273e-02,-8.326148e-03,2.466226e-02
Bag_55+3,Corel2vs3_data_55,1,8.278735e+00,-5.466033e-01,1.248775e-01,2.732638e+00,1.855601e+00,1.261569e+00,1.324283e-02,1.469584e-02,3.611458e-02
Bag_56+1,Corel2vs3_data_56,1,6.327958e+00,1.033915e+00,5.864303e-01,1.777260e+00,1.590779e+00,9.809474e-01,-2.142752e-02,-7.818050e-03,2.559390e-02
Bag_56+2,Corel2vs3_data_56,1,7.096808e+00,-2.854740e-01,-1.679617e+00,3.223327e+00,1.746024e+00,1.403274e+00,-2.640123e-02,-1.163902e-02,2.401664e-02
Bag_57+1,Corel2vs3_data_57,1,6.916536e+00,7.827145e-01,1.567911e-01,6.553763e+00,4.193800e+00,2.565752e+00,2.267815e-02,2.546798e-02,3.990339e-02
Bag_57+2,Corel2vs3_data_57,1,6.570561e+00,-2.516892e+00,-2.683217e+00,9.940749e-01,7.522354e-01,5.507184e-01,-3.475214e-03,6.054638e-03,3.116852e-02
Bag_58+1,Corel2vs3_data_58,1,7.787537e+00,-9.005837e-01,-6.316644e-01,2.844204e+00,1.807991e+00,1.027681e+00,7.603027e-02,3.196670e-02,3.805441e-02
Bag_58+2,Corel2vs3_data_58,1,6.375633e+00,-2.994120e+00,-3.117930e+00,2.307549e+00,1.690830e+00,9.495926e-01,5.853580e-02,2.640654e-02,3.630748e-02
Bag_59+1,Corel2vs3_data_59,1,4.279173e+00,-1.480235e+00,-2.795028e+00,7.026166e+00,3.355211e+00,2.899788e+00,1.618821e-01,1.719320e-01,1.353233e-01
Bag_59+2,Corel2vs3_data_59,1,7.405929e+00,1.062598e+00,1.534663e+00,4.644337e+00,3.300068e+00,2.269341e+00,6.917243e-02,7.062141e-02,6.521049e-02
Bag_59+3,Corel2vs3_data_59,1,5.548459e+00,-4.223307e-01,-8.879774e-01,9.037855e+00,5.521598e+00,3.979492e+00,2.248448e-01,1.889200e-01,1.386196e-01
Bag_59+4,Corel2vs3_data_59,1,7.648493e+00,-6.197760e-01,-7.649116e-01,1.550301e+00,9.321482e-01,7.085903e-01,2.173707e-02,2.875561e-02,4.144002e-02
Bag_60+1,Corel2vs3_data_60,1,8.181106e+00,5.968943e-01,6.850173e-01,4.221851e+00,2.700154e+00,1.972888e+00,2.205019e-02,2.305730e-02,3.928271e-02
Bag_60+2,Corel2vs3_data_60,1,6.998816e+00,-1.305445e+00,-2.693641e+00,2.447832e+00,1.351424e+00,1.121094e+00,-1.352193e-02,3.997746e-04,2.940158e-02
Bag_61+1,Corel2vs3_data_61,1,3.374679e+00,1.197696e-01,9.732629e-01,8.609403e+00,7.428102e+00,5.503138e+00,2.454726e-01,1.487407e-01,9.469764e-02
Bag_61+2,Corel2vs3_data_61,1,8.218215e+00,3.793063e-01,7.971777e-01,3.894070e+00,2.847624e+00,1.691341e+00,6.787691e-02,3.521753e-02,4.059047e-02
Bag_61+3,Corel2vs3_data_61,1,5.621972e+00,4.687771e-01,1.360680e+00,6.826317e+00,6.302818e+00,4.130912e+00,1.373699e-01,6.621497e-02,5.191357e-02
Bag_62+1,Corel2vs3_data_62,1,6.675033e+00,2.265473e+00,6.176503e-01,3.381713e+00,4.937433e+00,2.160148e+00,2.469877e-01,1.440498e-01,8.698892e-02
Bag_62+2,Corel2vs3_data_62,1,6.920972e+00,-2.184622e+00,-2.985090e+00,8.278123e-01,5.307167e-01,3.876440e-01,1.726306e-02,2.621095e-02,4.098050e-02
Bag_62+3,Corel2vs3_data_62,1,7.244530e+00,-7.536855e-01,-1.289307e+00,1.443234e+00,1.234611e+00,7.459953e-01,9.773275e-03,1.627837e-02,3.563236e-02
Bag_63+1,Corel2vs3_data_63,1,3.251033e+00,2.291667e-02,7.283120e-01,7.836321e+00,7.856664e+00,5.667895e+00,1.583491e-01,1.250528e-01,1.060504e-01
Bag_63+2,Corel2vs3_data_63,1,7.414672e+00,-2.183881e+00,-3.077194e+00,4.956423e-01,3.300439e-01,2.540016e-01,9.655857e-02,8.607727e-02,7.551266e-02
Bag_63+3,Corel2vs3_data_63,1,7.877857e+00,-7.766978e-02,4.384535e-01,2.086115e+00,1.497755e+00,1.090059e+00,8.237347e-02,5.855271e-02,5.373165e-02
Bag_63+4,Corel2vs3_data_63,1,5.435553e+00,-3.211278e+00,-5.612210e+00,4.816734e-01,1.844123e-01,1.685619e-01,5.615349e-02,6.360862e-02,6.117265e-02
Bag_63+5,Corel2vs3_data_63,1,6.186182e+00,1.334895e+00,1.538736e+00,6.713254e+00,7.625014e+00,4.727638e+00,1.203324e-01,1.262811e-01,1.037993e-01
Bag_64+1,Corel2vs3_data_64,1,8.220502e+00,-9.626164e-01,-1.811335e-01,1.714225e+00,1.047814e+00,7.376466e-01,-4.540497e-02,-2.076926e-02,2.100538e-02
Bag_64+2,Corel2vs3_data_64,1,6.266767e+00,-1.570932e+00,-2.368091e+00,2.709573e+00,1.290907e+00,8.960736e-01,2.700964e-02,4.139035e-02,5.295958e-02
Bag_65+1,Corel2vs3_data_65,1,4.767670e+00,-3.028918e-01,-1.436700e+00,4.191361e+00,1.733951e+00,1.431509e+00,-1.153200e-02,-1.561473e-03,2.821389e-02
Bag_65+2,Corel2vs3_data_65,1,7.220688e+00,9.444248e-01,6.750938e-01,5.394458e+00,4.224370e+00,3.064286e+00,-8.278083e-03,2.079047e-04,2.887175e-02
Bag_66+1,Corel2vs3_data_66,1,5.525750e+00,1.510447e+00,9.150000e-02,1.042828e+01,7.789575e+00,4.847555e+00,3.295254e-01,2.824098e-01,2.023446e-01
Bag_66+2,Corel2vs3_data_66,1,5.610482e+00,-1.065853e+00,-2.982634e+00,1.959388e+00,1.037351e+00,8.952872e-01,-2.571206e-03,1.235089e-02,3.474115e-02
Bag_66+3,Corel2vs3_data_66,1,7.927460e+00,9.087396e-01,7.166721e-01,3.504759e+00,2.214778e+00,1.589940e+00,2.127076e-02,2.514677e-02,3.978897e-02
Bag_67+1,Corel2vs3_data_67,1,4.198774e+00,-1.148588e-01,9.522493e-01,6.955975e+00,6.225488e+00,3.838899e+00,4.749898e-01,3.155570e-01,1.826667e-01
Bag_67+2,Corel2vs3_data_67,1,6.571122e+00,-1.097300e+00,-2.579719e+00,1.476155e+00,8.460960e-01,6.833799e-01,8.839022e-03,5.850215e-03,3.128514e-02
Bag_67+3,Corel2vs3_data_67,1,7.871088e+00,3.989625e-01,3.130677e-01,4.809031e+00,3.682657e+00,2.513254e+00,3.804279e-03,7.220576e-03,3.173301e-02
Bag_68+1,Corel2vs3_data_68,1,2.915956e+00,-7.362327e-01,-6.572581e-02,6.804961e+00,6.151611e+00,3.850909e+00,1.133228e-01,8.982629e-02,7.061341e-02
Bag_68+2,Corel2vs3_data_68,1,7.249046e+00,-2.863122e+00,3.922301e-01,2.620828e+00,1.514380e+00,1.164196e+00,2.075760e-02,3.195867e-02,4.463947e-02
Bag_68+3,Corel2vs3_data_68,1,4.965467e+00,-7.727233e-01,1.482043e-02,5.975522e+00,5.571631e+00,3.940874e+00,4.125479e-02,3.999168e-02,4.667943e-02
Bag_68+4,Corel2vs3_data_68,1,7.792572e+00,-6.039809e-02,1.551162e+00,5.956452e+00,4.702656e+00,3.062359e+00,5.200609e-02,5.982751e-02,6.511694e-02
Bag_69+1,Corel2vs3_data_69,1,4.780225e+00,4.500479e-01,7.109809e-01,6.515274e+00,6.836341e+00,4.521469e+00,1.781329e-01,9.336179e-02,6.186721e-02
Bag_69+2,Corel2vs3_data_69,1,6.227900e+00,-1.649678e+00,-3.724577e+00,5.072947e-01,5.014861e-01,3.735725e-01,-4.493608e-02,-1.976093e-02,2.145276e-02
Bag_69+3,Corel2vs3_data_69,1,8.098875e+00,-1.149701e-01,-1.976237e-01,3.357234e+00,2.722466e+00,2.376358e+00,7.655788e-02,7.049559e-02,6.303672e-02
Bag_70+1,Corel2vs3_data_70,1,4.805679e+00,3.444468e-01,2.993938e-01,8.036480e+00,8.284338e+00,5.516290e+00,2.783889e-01,1.728072e-01,1.050652e-01
Bag_70+2,Corel2vs3_data_70,1,6.243575e+00,-1.847528e+00,-3.063397e+00,6.251609e-01,5.723777e-01,3.840906e-01,-3.693911e-02,-1.251009e-02,2.443740e-02
Bag_70+3,Corel2vs3_data_70,1,8.135102e+00,-1.690548e-03,1.513700e-01,4.499265e+00,3.548350e+00,2.790417e+00,6.628083e-02,5.690651e-02,5.498838e-02
Bag_71+1,Corel2vs3_data_71,1,5.079658e+00,-7.834680e-01,1.069151e+00,6.239885e+00,5.316255e+00,3.911743e+00,1.077174e-01,7.457639e-02,6.070744e-02
Bag_71+2,Corel2vs3_data_71,1,7.546962e+00,-7.287767e-01,-5.007934e-01,3.512192e+00,2.353406e+00,1.700735e+00,7.881455e-02,3.017478e-02,3.680700e-02
Bag_71+3,Corel2vs3_data_71,1,6.033487e+00,-2.546286e-01,2.736713e+00,6.741818e+00,6.117667e+00,4.362572e+00,1.818104e-01,9.370127e-02,6.140057e-02
Bag_72+1,Corel2vs3_data_72,1,4.555193e+00,-2.527785e-01,9.776915e-01,7.471310e+00,7.262348e+00,5.384789e+00,2.553340e-01,1.445008e-01,8.901948e-02
Bag_72+2,Corel2vs3_data_72,1,5.979139e+00,-2.716088e+00,-3.048801e+00,1.954869e+00,9.604513e-01,8.246959e-01,8.479795e-02,4.828103e-02,5.098935e-02
Bag_72+3,Corel2vs3_data_72,1,6.931313e+00,1.432062e-01,1.042683e+00,5.776904e+00,4.830589e+00,3.375396e+00,-2.234444e-03,2.456222e-03,2.934647e-02
Bag_73+1,Corel2vs3_data_73,1,5.149333e+00,-3.290514e-01,5.844244e-01,7.996936e+00,5.810220e+00,4.189402e+00,7.117596e-01,6.775167e-01,5.494384e-01
Bag_73+2,Corel2vs3_data_73,1,6.801144e+00,5.866659e-01,2.395798e+00,6.860613e+00,5.566742e+00,4.657990e+00,1.502192e-01,9.048850e-02,6.551808e-02
Bag_73+3,Corel2vs3_data_73,1,5.799441e+00,-3.133257e+00,-3.391693e+00,6.118191e-01,3.665915e-01,2.399655e-01,1.253216e-01,1.292438e-01,1.021169e-01
Bag_73+4,Corel2vs3_data_73,1,8.116782e+00,2.194566e+00,5.410089e+00,6.412219e+00,1.971493e+00,1.476926e+00,1.448244e-01,1.435583e-01,1.191091e-01
Bag_73+5,Corel2vs3_data_73,1,6.021849e+00,-2.458728e+00,-1.788063e+00,1.726007e+00,1.459452e+00,8.905226e-01,1.283734e-01,1.175022e-01,9.399325e-02
Bag_73+6,Corel2vs3_data_73,1,5.949348e+00,4.509152e+00,4.105941e-01,6.869235e+00,2.418517e+00,2.024377e+00,1.204863e-01,1.029189e-01,8.438122e-02
Bag_74+1,Corel2vs3_data_74,1,7.010506e+00,1.906518e+00,1.781697e+00,6.329573e+00,3.337096e+00,2.204961e+00,1.598052e-01,1.165762e-01,9.311145e-02
Bag_74+2,Corel2vs3_data_74,1,6.012151e+00,-1.808247e+00,-2.519353e+00,1.621868e+00,9.287637e-01,5.839439e-01,-7.424209e-03,7.999270e-03,3.261128e-02
Bag_74+3,Corel2vs3_data_74,1,8.065929e+00,-4.118939e-01,-6.793411e-02,2.679860e+00,1.398269e+00,1.040489e+00,6.338906e-02,4.789571e-02,4.875838e-02
Bag_75+1,Corel2vs3_data_75,1,4.160403e+00,2.601300e-01,2.390310e-01,5.891963e+00,4.930099e+00,3.289156e+00,2.407551e-01,2.526268e-01,2.036547e-01
Bag_75+2,Corel2vs3_data_75,1,6.607053e+00,1.264382e+00,1.863994e+00,4.942946e+00,3.965013e+00,2.756519e+00,8.311109e-03,8.194046e-03,3.123298e-02
Bag_75+3,Corel2vs3_data_75,1,7.361140e+00,4.502841e-02,-4.459532e-01,4.117739e+00,3.390059e+00,2.177158e+00,1.008361e-01,6.133965e-02,5.258433e-02
Bag_76+1,Corel2vs3_data_76,1,5.647385e+00,-5.905332e-01,2.124912e+00,6.621179e+00,7.795958e+00,4.581458e+00,4.491936e-02,5.535291e-02,5.753287e-02
Bag_76+2,Corel2vs3_data_76,1,4.681925e+00,-4.149550e-01,-4.185772e-01,6.411271e+00,6.675868e+00,4.261743e+00,1.736235e-01,1.204453e-01,8.693624e-02
Bag_76+3,Corel2vs3_data_76,1,7.847856e+00,-8.183492e-02,2.919893e-01,4.736679e+00,3.289039e+00,2.102162e+00,8.866592e-02,5.671956e-02,5.206127e-02
Bag_76+4,Corel2vs3_data_76,1,6.403532e+00,-2.895533e+00,-3.846128e+00,8.880266e-01,7.052764e-01,6.051208e-01,2.063834e-01,1.893709e-01,1.352432e-01
Bag_77+1,Corel2vs3_data_77,1,6.468455e+00,6.577540e-01,1.028067e+00,7.622165e+00,5.943684e+00,4.302739e+00,9.542458e-02,4.847622e-02,4.638387e-02
Bag_77+2,Corel2vs3_data_77,1,7.329303e+00,-1.041812e+00,-2.501995e+00,1.749060e+00,1.077628e+00,7.670684e-01,2.127260e-02,8.666290e-03,3.044073e-02
Bag_78+1,Corel2vs3_data_78,1,3.669191e+00,-6.271054e-01,-1.911706e+00,5.384419e+00,6.659003e+00,3.437548e+00,4.912520e-01,4.278436e-01,3.702938e-01
Bag_78+2,Corel2vs3_data_78,1,6.825717e+00,-1.525650e+00,-3.808142e+00,1.377380e+00,1.217135e+00,7.287941e-01,-4.052199e-02,-1.767340e-02,2.202830e-02
Bag_78+3,Corel2vs3_data_78,1,7.644077e+00,3.299047e-01,9.574461e-01,4.741614e+00,3.979677e+00,2.508361e+00,-4.140422e-02,-1.732446e-02,2.233815e-02
Bag_79+1,Corel2vs3_data_79,1,5.825966e+00,2.013012e-01,1.081153e+00,9.154762e+00,6.720140e+00,4.349615e+00,1.176512e-01,7.941617e-02,6.726544e-02
Bag_79+2,Corel2vs3_data_79,1,4.901004e+00,-1.912523e+00,-1.757856e+00,1.854971e+00,1.050881e+00,7.598990e-01,2.217554e-01,1.228645e-01,8.171714e-02
Bag_79+3,Corel2vs3_data_79,1,8.060302e+00,-9.195652e-02,3.599004e-01,5.564845e+00,3.550557e+00,2.303113e+00,3.216775e-02,2.424022e-02,3.873850e-02
Bag_79+4,Corel2vs3_data_79,1,5.015342e+00,-2.882623e+00,-3.983327e+00,6.941191e-01,3.262120e-01,2.514232e-01,1.780704e-01,1.878434e-01,1.407741e-01
Bag_80+1,Corel2vs3_data_80,1,4.710342e+00,1.178726e+00,1.254743e+00,6.015225e+00,5.400423e+00,3.000655e+00,3.037667e-01,3.994658e-01,4.530551e-01
Bag_80+2,Corel2vs3_data_80,1,2.931656e+00,-2.640254e-01,-1.398574e+00,4.855741e+00,4.485360e+00,2.126228e+00,2.265314e-02,3.616812e-02,4.919895e-02
Bag_80+3,Corel2vs3_data_80,1,7.645248e+00,-4.887835e-01,-1.481031e-01,4.100085e+00,2.660257e+00,2.146166e+00,2.615580e-02,2.670573e-02,4.022024e-02
Bag_80+4,Corel2vs3_data_80,1,6.190861e+00,-2.995281e+00,-3.527229e+00,1.427816e+00,6.671751e-01,4.549962e-01,3.374059e-02,3.531824e-02,4.498280e-02
Bag_80+5,Corel2vs3_data_80,1,7.675831e+00,4.230600e+00,3.477385e+00,6.725501e+00,2.463707e+00,2.189540e+00,3.183560e-01,2.707798e-01,2.010849e-01
Bag_81+1,Corel2vs3_data_81,1,5.081981e+00,5.676148e-01,1.502414e+00,8.734674e+00,7.870955e+00,5.164286e+00,3.146536e-01,2.884970e-01,2.355677e-01
Bag_81+2,Corel2vs3_data_81,1,6.863352e+00,-2.571246e+00,-3.669207e+00,1.301653e+00,6.214840e-01,5.331264e-01,-1.352993e-02,-1.369666e-03,2.808061e-02
Bag_81+3,Corel2vs3_data_81,1,7.861275e+00,-3.599352e-01,5.358363e-01,3.170938e+00,2.392710e+00,1.848425e+00,8.174251e-02,7.050017e-02,6.130653e-02
Bag_82+1,Corel2vs3_data_82,1,4.177797e+00,2.439098e-01,1.222099e+00,4.006161e+00,3.900728e+00,1.817566e+00,9.911729e-02,9.723381e-02,8.012202e-02
Bag_82+2,Corel2vs3_data_82,1,5.966710e+00,-1.971297e+00,-3.289962e+00,7.567223e-01,3.060379e-01,3.187584e-01,1.003614e-02,2.379174e-02,4.020872e-02
Bag_82+3,Corel2vs3_data_82,1,7.350143e+00,4.489695e-01,1.043695e+00,7.145159e+00,4.782179e+00,3.588218e+00,3.025455e-02,3.821655e-02,4.748491e-02
Bag_83+1,Corel2vs3_data_83,1,2.068596e+00,-6.590009e-01,5.743838e-01,8.548780e+00,7.785538e+00,4.907878e+00,2.045328e-01,1.773505e-01,1.327551e-01
Bag_83+2,Corel2vs3_data_83,1,6.405213e+00,-2.150967e+00,-1.469044e+00,3.562931e+00,1.873271e+00,1.435300e+00,8.924997e-01,7.891531e-01,5.824628e-01
Bag_83+3,Corel2vs3_data_83,1,4.062152e+00,-1.652015e+00,1.659339e+00,7.690760e+00,6.583601e+00,4.459204e+00,9.043769e-02,5.455934e-02,4.986153e-02
Bag_83+4,Corel2vs3_data_83,1,7.176239e+00,1.995609e-01,8.356061e-01,6.028621e+00,3.555199e+00,2.452370e+00,1.967930e-03,1.772351e-02,3.783390e-02
Bag_84+1,Corel2vs3_data_84,1,5.953102e+00,-1.954025e+00,-1.129266e-01,2.657171e+00,1.972302e+00,1.303632e+00,1.507920e-01,8.869933e-02,6.607658e-02
Bag_84+2,Corel2vs3_data_84,1,6.004851e+00,-2.489420e+00,-2.246559e+00,1.023268e+00,5.424675e-01,3.793765e-01,-1.691091e-02,-1.054640e-02,2.361436e-02
Bag_84+3,Corel2vs3_data_84,1,7.112849e+00,1.103626e-01,1.690742e+00,5.926888e+00,4.818602e+00,3.386448e+00,2.716004e-01,1.558742e-01,9.649314e-02
Bag_85+1,Corel2vs3_data_85,1,5.336513e+00,1.750668e+00,1.322697e+00,1.228138e+01,9.410861e+00,6.612644e+00,3.464782e-01,3.840967e-01,3.236732e-01
Bag_85+2,Corel2vs3_data_85,1,7.263808e+00,-1.498866e+00,-2.800559e+00,1.510645e+00,9.162676e-01,7.043207e-01,-1.977954e-02,-1.407838e-03,2.857688e-02
Bag_85+3,Corel2vs3_data_85,1,7.250834e+00,3.204892e-01,5.839281e-01,6.893562e+00,5.021517e+00,3.737640e+00,9.675460e-02,7.181233e-02,6.170333e-02
Bag_86+1,Corel2vs3_data_86,1,6.770434e+00,-1.019280e+00,-9.913989e-01,3.071138e+00,1.647986e+00,1.175313e+00,-2.407352e-02,-1.194845e-02,2.336182e-02
Bag_86+2,Corel2vs3_data_86,1,8.355247e+00,8.686107e-01,2.701939e+00,2.884443e+00,2.195708e+00,1.424489e+00,5.195203e-03,1.253188e-02,3.709463e-02
Bag_87+1,Corel2vs3_data_87,1,5.261778e+00,-4.980692e-02,8.842963e-01,6.765497e+00,5.386782e+00,3.276567e+00,1.733118e-01,1.083108e-01,7.298012e-02
Bag_87+2,Corel2vs3_data_87,1,6.053653e+00,-9.405704e-01,-3.356316e+00,1.026511e+00,8.520592e-01,5.480094e-01,-4.559289e-02,-2.036320e-02,2.119906e-02
Bag_87+3,Corel2vs3_data_87,1,6.972773e+00,-8.960073e-01,2.150200e+00,1.867814e+00,1.199499e+00,7.613128e-01,-1.732718e-02,-6.136681e-03,2.592206e-02
Bag_88+1,Corel2vs3_data_88,1,3.818467e+00,-2.349914e+00,-4.140952e+00,5.324461e-01,2.212535e-01,1.671013e-01,1.620359e-02,2.530325e-02,4.028424e-02
Bag_88+2,Corel2vs3_data_88,1,5.264239e+00,9.382375e-02,2.056815e+00,6.116088e+00,4.589294e+00,3.042243e+00,1.271612e-01,7.557197e-02,5.979071e-02
Bag_88+3,Corel2vs3_data_88,1,5.886917e+00,-1.629259e+00,-1.408285e+00,2.491329e+00,1.319847e+00,8.273876e-01,3.723875e-03,7.993595e-03,3.154305e-02
Bag_88+4,Corel2vs3_data_88,1,7.907928e+00,-9.789501e-02,7.757640e-01,2.777231e+00,1.693289e+00,1.177741e+00,-1.763146e-03,-5.413009e-04,2.708110e-02
Bag_89+1,Corel2vs3_data_89,1,4.727922e+00,-3.385078e-02,5.660476e-01,8.801435e+00,7.360581e+00,5.899937e+00,4.806710e-02,5.927712e-02,7.108657e-02
Bag_89+2,Corel2vs3_data_89,1,7.713306e+00,-3.548812e-02,2.221371e-01,2.375716e+00,1.608780e+00,1.127264e+00,-1.150744e-02,3.744860e-04,2.901360e-02
Bag_89+3,Corel2vs3_data_89,1,5.088915e+00,-1.540823e+00,-2.174240e+00,1.152442e+00,6.061023e-01,4.085176e-01,1.598358e-02,2.672847e-02,4.133771e-02
Bag_90+1,Corel2vs3_data_90,1,2.512430e+00,-5.698804e-02,2.124720e-01,7.205522e+00,8.178461e+00,5.214933e+00,8.461698e-02,4.595516e-02,4.515008e-02
Bag_90+2,Corel2vs3_data_90,1,4.451721e+00,1.041832e+00,1.852032e+00,6.854862e+00,8.641305e+00,5.262548e+00,6.956433e-02,4.249346e-02,4.440513e-02
Bag_90+3,Corel2vs3_data_90,1,4.360345e+00,-7.142984e-01,-3.506544e+00,1.297738e+00,1.306171e+00,9.127958e-01,9.379654e-02,4.338836e-02,4.203067e-02
Bag_90+4,Corel2vs3_data_90,1,7.523059e+00,6.889494e-01,8.433824e-01,2.376268e+00,1.948470e+00,1.291473e+00,-1.533129e-02,-1.280956e-04,2.891128e-02
Bag_91+1,Corel2vs3_data_91,1,4.027358e+00,2.968887e+00,1.189932e+00,3.404417e+00,4.369618e+00,2.295867e+00,3.632021e-01,1.995416e-01,1.086502e-01
Bag_91+2,Corel2vs3_data_91,1,8.010443e+00,3.836503e-01,8.885099e-01,2.605874e+00,2.371228e+00,1.063823e+00,1.045328e-01,5.066986e-02,4.488581e-02
Bag_91+3,Corel2vs3_data_91,1,6.161047e+00,1.928691e+00,2.154266e+00,2.123716e+00,2.758690e+00,1.210709e+00,7.522149e-02,4.024519e-02,4.351010e-02
Bag_92+1,Corel2vs3_data_92,1,6.576728e+00,6.210846e+00,4.164669e+00,4.164229e+00,5.670023e+00,2.420444e+00,1.111639e-01,1.705272e-01,2.140426e-01
Bag_92+2,Corel2vs3_data_92,1,6.896244e+00,-1.047631e+00,-3.146052e+00,1.254345e+00,9.570847e-01,6.465631e-01,2.104378e-02,2.296579e-02,3.871967e-02
Bag_92+3,Corel2vs3_data_92,1,7.779828e+00,8.181909e-01,7.567811e-01,4.699789e+00,3.202874e+00,2.250006e+00,2.114541e-02,2.719916e-02,4.103434e-02
Bag_92+4,Corel2vs3_data_92,1,5.498819e+00,1.306864e+00,2.012091e-01,1.168279e+01,1.142998e+01,6.418325e+00,1.518830e-01,1.828219e-01,1.758366e-01
Bag_93+1,Corel2vs3_data_93,1,6.551624e+00,-8.671392e-02,2.896778e-01,8.999241e+00,7.845254e+00,5.143857e+00,-7.454131e-03,8.999088e-03,3.656195e-02
Bag_93+2,Corel2vs3_data_93,1,7.613303e+00,-1.525694e+00,-2.090811e+00,1.339408e+00,6.642124e-01,5.289902e-01,-4.950615e-03,-3.060568e-03,2.639889e-02
Bag_94+1,Corel2vs3_data_94,1,4.272815e+00,-3.574539e-01,1.759958e-01,1.046755e+01,7.855560e+00,5.652541e+00,3.902619e-01,3.103299e-01,2.171200e-01
Bag_94+2,Corel2vs3_data_94,1,6.379564e+00,3.038026e+00,1.169630e+00,8.232059e+00,7.169650e+00,4.701525e+00,2.550956e-01,1.782831e-01,1.204811e-01
Bag_94+3,Corel2vs3_data_94,1,6.634500e+00,-2.058242e+00,-3.552108e+00,2.620971e+00,2.042597e+00,1.638338e+00,2.908312e-01,3.174895e-01,2.534682e-01
Bag_94+4,Corel2vs3_data_94,1,8.424407e+00,3.797360e-01,9.065451e-01,4.700733e+00,3.240619e+00,2.455008e+00,3.996048e-02,3.421655e-02,4.368216e-02
Bag_94+5,Corel2vs3_data_94,1,6.422229e+00,9.169271e-02,2.872031e-01,1.134765e+01,8.919236e+00,5.863928e+00,2.546316e-01,1.768768e-01,1.156916e-01
Bag_95+1,Corel2vs3_data_95,1,5.660999e+00,2.342387e+00,9.208946e-01,1.041588e+01,7.751682e+00,4.848790e+00,5.572321e-01,6.996415e-01,7.566613e-01
Bag_95+2,Corel2vs3_data_95,1,6.550331e+00,-1.665603e+00,-3.870077e+00,6.624838e-01,6.243331e-01,3.950354e-01,-1.209614e-02,4.241509e-03,3.131457e-02
Bag_95+3,Corel2vs3_data_95,1,8.213493e+00,-2.617876e-01,2.332848e-01,3.853698e+00,3.058836e+00,1.930954e+00,4.741037e-02,3.663067e-02,4.391893e-02
Bag_96+1,Corel2vs3_data_96,1,2.313036e+00,6.442063e-01,-5.098214e-01,6.983326e+00,6.583473e+00,4.462255e+00,2.137723e-01,1.583706e-01,1.161094e-01
Bag_96+2,Corel2vs3_data_96,1,7.292617e+00,-6.455121e-01,-2.860580e+00,5.865115e-01,3.644221e-01,2.791339e-01,-7.014071e-03,6.537920e-03,3.181631e-02
Bag_96+3,Corel2vs3_data_96,1,7.129932e+00,9.320370e-01,3.422065e-02,6.786038e+00,5.252824e+00,4.344487e+00,6.977519e-03,1.399711e-02,3.529476e-02
Bag_97+1,Corel2vs3_data_97,1,4.054308e+00,-2.523074e-01,7.923307e-02,1.176320e+01,8.477228e+00,5.546525e+00,6.029470e-02,7.159529e-02,6.721164e-02
Bag_97+2,Corel2vs3_data_97,1,6.142021e+00,1.058878e+00,1.127607e+00,1.069226e+01,9.375943e+00,5.831754e+00,1.426140e-01,1.003226e-01,7.349834e-02
Bag_97+3,Corel2vs3_data_97,1,5.637632e+00,-2.031479e+00,-2.055579e+00,3.429120e+00,2.342377e+00,1.757967e+00,3.296643e-01,2.357891e-01,1.597825e-01
Bag_97+4,Corel2vs3_data_97,1,8.305045e+00,3.975105e-02,4.560573e-02,7.155242e+00,5.318892e+00,3.501763e+00,9.251599e-02,5.714758e-02,5.215553e-02
Bag_98+1,Corel2vs3_data_98,1,3.216301e+00,-4.217092e-01,3.782589e-01,1.183018e+01,1.058038e+01,7.383457e+00,1.706996e-01,1.686741e-01,1.272134e-01
Bag_98+2,Corel2vs3_data_98,1,6.769744e+00,-1.022077e+00,-6.151423e-01,1.973516e+00,1.849425e+00,1.280247e+00,7.420125e-02,5.248683e-02,5.113463e-02
Bag_98+3,Corel2vs3_data_98,1,5.623739e+00,-2.501372e+00,-2.663772e+00,6.424206e-01,5.019960e-01,3.380572e-01,3.603097e-01,4.144130e-01,3.436271e-01
Bag_98+4,Corel2vs3_data_98,1,7.704144e+00,9.499128e-02,4.798548e-01,3.010777e+00,2.392511e+00,1.475909e+00,2.041853e-03,1.860192e-02,3.862486e-02
Bag_99+1,Corel2vs3_data_99,1,3.193397e+00,-7.488832e-01,-5.999706e-01,1.037013e+01,9.502558e+00,7.032291e+00,3.013271e-01,3.481067e-01,2.873817e-01
Bag_99+2,Corel2vs3_data_99,1,7.947492e+00,-8.202071e-01,-3.275566e-01,1.407111e+00,9.512984e-01,6.306524e-01,-7.831691e-03,-1.519996e-03,2.705446e-02
Bag_99+3,Corel2vs3_data_99,1,6.019503e+00,-8.819410e-01,-3.746040e-01,1.324520e+01,1.082021e+01,6.900249e+00,2.253440e-01,1.977758e-01,1.471994e-01
Bag_100+1,Corel2vs3_data_100,1,4.228254e+00,-1.551110e+00,-5.062931e+00,6.302561e-01,4.669856e-01,3.207316e-01,1.561075e-01,1.822586e-01,1.510162e-01
Bag_100+2,Corel2vs3_data_100,1,7.889335e+00,7.622046e-01,1.366379e+00,1.190358e+00,6.543845e-01,4.477285e-01,-1.466844e-02,-2.323973e-03,2.746805e-02
Bag_100+3,Corel2vs3_data_100,1,5.865361e+00,-1.592813e+00,-1.163365e+00,2.688491e+00,7.489867e-01,5.000550e-01,1.867988e-01,1.406966e-01,1.010414e-01
Bag_101+1,Corel2vs3_data_101,0,6.507408e+00,-1.575464e+00,-1.740767e+00,6.765971e-01,5.449377e-01,3.888617e-01,5.265258e-02,5.678634e-02,5.724640e-02
Bag_101+2,Corel2vs3_data_101,0,2.972592e+00,9.049149e-02,1.017845e+00,8.908794e+00,1.007102e+01,5.951670e+00,2.413685e-01,1.659658e-01,1.135601e-01
Bag_101+3,Corel2vs3_data_101,0,6.627816e+00,6.545004e-01,1.656088e+00,8.006792e+00,7.615286e+00,4.181445e+00,1.987229e-02,1.430246e-02,3.343308e-02
Bag_102+1,Corel2vs3_data_102,0,2.523201e+00,3.168821e-02,2.663818e-01,6.948732e+00,6.844070e+00,3.605231e+00,6.902869e-02,5.092875e-02,5.067010e-02
Bag_102+2,Corel2vs3_data_102,0,8.321268e+00,-8.131906e-01,-3.688083e-01,1.664650e+00,1.613689e+00,9.684096e-01,1.635471e-01,1.041232e-01,7.298077e-02
Bag_102+3,Corel2vs3_data_102,0,5.623016e+00,1.174610e-01,5.050333e-01,8.957954e+00,8.787789e+00,4.353199e+00,7.932695e-02,4.199187e-02,4.344482e-02
Bag_103+1,Corel2vs3_data_103,0,4.716778e+00,-7.544677e-02,1.132522e+00,9.886475e+00,1.100667e+01,7.144153e+00,9.596560e-02,7.455373e-02,6.725168e-02
Bag_103+2,Corel2vs3_data_103,0,7.944196e+00,-1.260803e+00,-3.022193e+00,4.741133e-01,5.736163e-01,2.623495e-01,4.185297e-02,2.994188e-02,4.025174e-02
Bag_103+3,Corel2vs3_data_103,0,7.554089e+00,3.592632e-01,6.293980e-01,6.808902e+00,8.511499e+00,4.491556e+00,6.931432e-02,4.851360e-02,4.889752e-02
Bag_104+1,Corel2vs3_data_104,0,3.436889e+00,4.967247e-01,7.522250e-01,1.027997e+01,9.300339e+00,5.799697e+00,1.545008e-01,8.506095e-02,6.310363e-02
Bag_104+2,Corel2vs3_data_104,0,7.194800e+00,8.629098e-01,1.397976e+00,8.146272e+00,7.605289e+00,4.279925e+00,1.694110e-02,1.001174e-02,3.143831e-02
Bag_104+3,Corel2vs3_data_104,0,7.786070e+00,-1.516525e+00,-2.736617e+00,1.725247e+00,1.193943e+00,7.585635e-01,1.447162e-01,1.482092e-01,1.139559e-01
Bag_105+1,Corel2vs3_data_105,0,4.451598e+00,5.753742e-01,6.210508e-01,1.111351e+01,1.327618e+01,7.507521e+00,1.523315e-01,8.776548e-02,6.279819e-02
Bag_105+2,Corel2vs3_data_105,0,7.035751e+00,-2.144514e+00,-4.494705e+00,4.899189e-01,2.600667e-01,2.892767e-01,1.073936e-02,1.553320e-02,3.490597e-02
Bag_105+3,Corel2vs3_data_105,0,7.475155e+00,8.378514e-01,9.616926e-01,6.982107e+00,6.769526e+00,4.439264e+00,-1.504389e-02,-7.277900e-03,2.491850e-02
Bag_106+1,Corel2vs3_data_106,0,4.041300e+00,1.781845e-01,4.178961e-01,1.270389e+01,1.273251e+01,7.597723e+00,3.061184e-01,2.129403e-01,1.452674e-01
Bag_106+2,Corel2vs3_data_106,0,6.402683e+00,-1.900093e+00,-4.749325e+00,7.169316e-01,4.995237e-01,4.613059e-01,9.164871e-02,5.158088e-02,4.787536e-02
Bag_106+3,Corel2vs3_data_106,0,7.787897e+00,3.025550e-01,4.004919e-01,8.615200e+00,8.280003e+00,4.967610e+00,1.345824e-02,1.324920e-02,3.419661e-02
Bag_107+1,Corel2vs3_data_107,0,2.219611e+00,1.223977e-01,4.730438e-01,5.555525e+00,6.987600e+00,3.652126e+00,2.447191e-01,1.568853e-01,1.034384e-01
Bag_107+2,Corel2vs3_data_107,0,5.974606e+00,7.585487e-01,1.645889e+00,6.618445e+00,6.677588e+00,3.484164e+00,2.250402e-01,1.207624e-01,7.495633e-02
Bag_107+3,Corel2vs3_data_107,0,5.149900e+00,-1.951253e+00,-4.404527e+00,3.150028e+00,2.859162e+00,1.649584e+00,5.525582e-01,5.201079e-01,4.100744e-01
Bag_107+4,Corel2vs3_data_107,0,7.995259e+00,3.849658e-01,5.275706e-01,6.020746e+00,6.073688e+00,3.343440e+00,5.934461e-02,3.055613e-02,3.855806e-02
Bag_108+1,Corel2vs3_data_108,0,2.542379e+00,2.830410e-01,2.974843e-01,3.962820e+00,5.304212e+00,2.486712e+00,1.328251e-01,1.003390e-01,7.784878e-02
Bag_108+2,Corel2vs3_data_108,0,8.861399e+00,3.036487e-01,4.742134e-01,1.663082e+00,3.335384e+00,1.046518e+00,1.141865e-01,5.348741e-02,4.553322e-02
Bag_108+3,Corel2vs3_data_108,0,5.860591e+00,7.875134e-01,1.062433e+00,4.334944e+00,7.221762e+00,2.133249e+00,9.843105e-02,6.117961e-02,5.420607e-02
Bag_109+1,Corel2vs3_data_109,0,7.683913e+00,5.061125e-01,8.059259e-01,2.523498e+00,5.972569e+00,1.521193e+00,3.652038e-02,1.639441e-02,3.279719e-02
Bag_109+2,Corel2vs3_data_109,0,3.531592e+00,3.083748e-01,9.951553e-01,4.274885e+00,4.896995e+00,2.179551e+00,1.086182e-01,5.497898e-02,4.711631e-02
Bag_110+1,Corel2vs3_data_110,0,4.303162e+00,-1.642643e-01,-8.734406e-01,4.970176e+00,5.108167e+00,2.868314e+00,3.588502e-02,1.870467e-02,3.428803e-02
Bag_110+2,Corel2vs3_data_110,0,8.867701e+00,3.232116e-01,7.587807e-01,3.630632e+00,3.663505e+00,2.012563e+00,2.513067e-01,1.413537e-01,8.298017e-02
Bag_110+3,Corel2vs3_data_110,0,6.212296e+00,3.615534e-01,6.512739e-01,7.949217e+00,7.417377e+00,4.251473e+00,1.437233e-01,7.520827e-02,5.526876e-02
Bag_111+1,Corel2vs3_data_111,0,4.100476e+00,1.765743e-01,5.989573e-01,7.899566e+00,7.879249e+00,4.440082e+00,1.341963e-01,7.922136e-02,5.907980e-02
Bag_111+2,Corel2vs3_data_111,0,8.870383e+00,-4.373149e-02,2.860264e-02,3.363890e+00,3.002594e+00,1.776294e+00,2.637989e-01,1.670619e-01,1.040341e-01
Bag_111+3,Corel2vs3_data_111,0,6.765775e+00,5.272364e-01,1.765163e+00,8.467267e+00,7.636159e+00,4.441989e+00,2.920168e-02,2.623361e-02,3.967824e-02
Bag_112+1,Corel2vs3_data_112,0,2.677798e+00,1.577340e-01,2.764415e-01,7.393935e+00,7.402224e+00,4.837366e+00,1.972747e-01,1.318526e-01,9.061775e-02
Bag_112+2,Corel2vs3_data_112,0,6.103784e+00,5.257706e-01,5.830873e-01,1.331161e+01,1.012424e+01,6.420898e+00,1.614292e-01,9.718946e-02,7.014467e-02
Bag_112+3,Corel2vs3_data_112,0,4.920574e+00,-2.107607e+00,-5.227414e+00,1.856341e+00,1.265835e+00,8.888363e-01,3.886695e-01,2.989391e-01,1.998425e-01
Bag_112+4,Corel2vs3_data_112,0,8.581788e+00,3.772161e-01,1.893415e-01,6.502512e+00,5.646015e+00,3.619204e+00,1.083963e-01,5.377940e-02,4.738583e-02
Bag_113+1,Corel2vs3_data_113,0,2.366602e+00,1.257314e-01,-3.083777e-02,4.926803e+00,4.559725e+00,2.700511e+00,2.496730e-02,4.899422e-02,7.264163e-02
Bag_113+2,Corel2vs3_data_113,0,7.267903e+00,8.469885e-01,2.262241e+00,8.484489e+00,7.586841e+00,5.536445e+00,1.434279e-01,8.698598e-02,6.431225e-02
Bag_113+3,Corel2vs3_data_113,0,5.180759e+00,3.072281e-01,1.616487e+00,1.022637e+01,1.074421e+01,6.959258e+00,7.612028e-02,4.147903e-02,4.331409e-02
Bag_113+4,Corel2vs3_data_113,0,8.096215e+00,2.282580e-01,3.688267e-01,3.996726e+00,4.787529e+00,2.488595e+00,2.581918e-01,1.414410e-01,8.922512e-02
Bag_114+1,Corel2vs3_data_114,0,4.207218e+00,-6.730218e-03,1.553254e-01,1.031603e+01,1.085899e+01,5.613572e+00,2.493489e-01,1.958840e-01,1.558861e-01
Bag_114+2,Corel2vs3_data_114,0,4.869938e+00,-2.358108e+00,-4.409903e+00,5.044448e-01,5.263130e-01,3.264709e-01,-1.875195e-02,-1.153644e-02,2.315046e-02
Bag_114+3,Corel2vs3_data_114,0,7.817220e+00,2.527941e-01,4.122696e-01,5.818569e+00,7.823893e+00,3.079062e+00,8.322432e-02,6.597347e-02,6.553718e-02
Bag_115+1,Corel2vs3_data_115,0,3.731285e+00,-9.695281e-02,-1.666667e-02,6.103780e+00,9.450911e+00,3.760695e+00,1.530807e-01,9.276178e-02,6.595258e-02
Bag_115+2,Corel2vs3_data_115,0,6.282454e+00,-2.022632e+00,-4.623489e+00,6.801391e-01,1.097381e+00,4.486316e-01,4.578449e-02,2.688882e-02,3.797819e-02
Bag_115+3,Corel2vs3_data_115,0,7.703954e+00,2.330054e-01,1.511429e-01,5.162577e+00,1.121980e+01,3.652622e+00,1.702826e-01,9.893342e-02,6.854953e-02
Bag_116+1,Corel2vs3_data_116,0,3.102554e+00,-1.016584e-01,6.630075e-01,7.686725e+00,7.764263e+00,5.175036e+00,2.564797e-02,2.254780e-02,3.863657e-02
Bag_116+2,Corel2vs3_data_116,0,6.326855e+00,-2.234526e+00,-4.733823e+00,3.208241e-01,2.476321e-01,1.991822e-01,-1.583986e-02,2.030042e-04,2.907258e-02
Bag_116+3,Corel2vs3_data_116,0,7.512321e+00,6.104655e-01,1.076098e+00,6.943059e+00,7.780923e+00,3.623461e+00,4.073162e-02,2.167632e-02,3.491229e-02
Bag_116+4,Corel2vs3_data_116,0,7.670124e+00,-1.613698e+00,-3.343858e+00,9.557828e-01,7.881247e-01,6.059001e-01,-2.605900e-02,-6.995748e-03,2.689107e-02
Bag_117+1,Corel2vs3_data_117,0,3.603090e+00,2.066734e-01,5.164465e-01,1.045937e+01,7.239452e+00,4.827522e+00,1.040165e-01,6.850357e-02,5.597411e-02
Bag_117+2,Corel2vs3_data_117,0,8.221042e+00,3.572654e-01,3.084816e-01,8.804535e+00,5.283020e+00,3.511344e+00,4.895495e-02,2.349958e-02,3.573094e-02
Bag_117+3,Corel2vs3_data_117,0,4.557252e+00,-2.009794e+00,-5.373714e+00,1.571602e+00,4.264894e-01,4.785247e-01,1.920346e-01,2.184299e-01,1.678718e-01
Bag_118+1,Corel2vs3_data_118,0,3.157218e+00,3.776099e-01,5.800172e-01,7.540562e+00,7.017718e+00,4.470559e+00,1.481813e-01,6.908742e-02,4.938023e-02
Bag_118+2,Corel2vs3_data_118,0,8.952291e+00,-5.970781e-01,-7.610572e-01,2.082738e+00,1.355621e+00,1.089799e+00,1.274567e-01,1.206408e-01,1.185796e-01
Bag_118+3,Corel2vs3_data_118,0,7.275542e+00,9.489676e-01,1.573079e+00,7.261882e+00,6.487664e+00,4.339422e+00,2.093435e-02,7.619006e-03,2.926173e-02
Bag_119+1,Corel2vs3_data_119,0,2.718416e+00,1.483691e-01,-4.657618e-01,5.865733e+00,5.450168e+00,2.922649e+00,3.653039e-02,6.142534e-02,9.949053e-02
Bag_119+2,Corel2vs3_data_119,0,5.831070e+00,9.579075e-01,1.325649e+00,1.489361e+01,8.532623e+00,5.266077e+00,2.889509e-01,2.052106e-01,1.371217e-01
Bag_119+3,Corel2vs3_data_119,0,7.802056e+00,-6.133798e-01,-2.229334e+00,1.530753e+00,1.460819e+00,9.562808e-01,6.540591e-02,7.109593e-02,6.473549e-02
Bag_119+4,Corel2vs3_data_119,0,8.346156e+00,1.460050e+00,6.022610e+00,4.119296e+00,3.864201e+00,2.005723e+00,4.943709e-02,5.544637e-02,5.638291e-02
Bag_119+5,Corel2vs3_data_119,0,4.044001e+00,1.338635e+00,1.127773e+00,1.761403e+01,7.736619e+00,5.129736e+00,2.815753e-01,2.473024e-01,1.768168e-01
Bag_119+6,Corel2vs3_data_119,0,7.581718e+00,5.519218e-01,5.986695e-01,9.562100e+00,7.833992e+00,4.696074e+00,1.896874e-01,1.489819e-01,1.139025e-01
Bag_120+1,Corel2vs3_data_120,0,3.699378e+00,1.366361e-01,5.979216e-01,7.508894e+00,7.037473e+00,3.544206e+00,9.755585e-02,6.438819e-02,6.280245e-02
Bag_120+2,Corel2vs3_data_120,0,8.033778e+00,-9.717215e-01,-2.732911e+00,7.117477e-01,4.461799e-01,3.527199e-01,7.865834e-03,2.224650e-02,4.207605e-02
Bag_120+3,Corel2vs3_data_120,0,7.488852e+00,8.931262e-01,1.157024e+00,7.274471e+00,7.103410e+00,3.369033e+00,-1.569812e-02,-3.494709e-05,2.961829e-02
Bag_121+1,Corel2vs3_data_121,0,5.234287e+00,4.918800e-01,2.261421e-01,1.049562e+01,1.183552e+01,6.938297e+00,5.597343e-01,5.492604e-01,4.694631e-01
Bag_121+2,Corel2vs3_data_121,0,5.893045e+00,-1.755734e+00,-5.230071e+00,4.416292e-01,6.155009e-01,2.891694e-01,1.294334e-02,1.725713e-03,2.766626e-02
Bag_121+3,Corel2vs3_data_121,0,8.348383e+00,2.370621e-01,-4.254056e-01,4.098935e+00,4.725175e+00,2.736137e+00,1.201325e-01,6.887794e-02,5.885515e-02
Bag_122+1,Corel2vs3_data_122,0,7.959332e+00,1.597813e-01,5.643020e-01,7.823063e+00,7.721041e+00,5.138330e+00,-4.527266e-02,-2.006440e-02,2.134103e-02
Bag_122+2,Corel2vs3_data_122,0,4.206823e+00,-2.019425e-01,1.035218e-02,1.205378e+01,1.276581e+01,7.991978e+00,3.148226e-02,2.366598e-02,3.744635e-02
Bag_123+1,Corel2vs3_data_123,0,4.912436e+00,8.315304e-01,9.620143e-01,8.468215e+00,7.714442e+00,4.090147e+00,4.336319e-02,4.556898e-02,5.645155e-02
Bag_123+2,Corel2vs3_data_123,0,7.213415e+00,-1.846358e+00,-4.130680e+00,3.624341e-01,1.107759e-01,1.036765e-01,1.184277e-01,1.343928e-01,1.079595e-01
Bag_123+3,Corel2vs3_data_123,0,7.593947e+00,7.963587e-01,7.277594e-01,7.868673e+00,5.343644e+00,3.167029e+00,6.938211e-03,8.842085e-03,3.259185e-02
Bag_123+4,Corel2vs3_data_123,0,7.655037e+00,-1.395092e+00,-3.364173e+00,2.580459e+00,1.771929e+00,1.477803e+00,1.962362e-01,2.402667e-01,1.979340e-01
Bag_124+1,Corel2vs3_data_124,0,2.550552e+00,-8.792354e-02,-1.778138e-02,7.494064e+00,8.250317e+00,6.007379e+00,2.519260e-01,1.597544e-01,9.899752e-02
Bag_124+2,Corel2vs3_data_124,0,6.780271e+00,5.593630e-01,2.690725e+00,5.363516e+00,4.911046e+00,2.956568e+00,1.828969e-02,1.474954e-02,3.512555e-02
Bag_124+3,Corel2vs3_data_124,0,4.451098e+00,-7.134107e-01,1.553131e+00,7.765126e+00,7.319684e+00,4.454813e+00,1.704034e-01,1.128662e-01,8.364595e-02
Bag_124+4,Corel2vs3_data_124,0,9.203537e+00,-1.309109e-02,2.873062e-03,2.470049e+00,2.837403e+00,1.777543e+00,5.306547e-03,4.709132e-03,2.994156e-02
Bag_125+1,Corel2vs3_data_125,0,3.463038e+00,-8.501427e-02,5.994787e-01,7.981732e+00,8.015914e+00,4.679210e+00,3.579021e-02,3.049748e-02,4.252565e-02
Bag_125+2,Corel2vs3_data_125,0,6.407064e+00,-1.909706e+00,-4.941609e+00,4.847690e-01,5.559791e-01,2.869096e-01,-2.859798e-02,-1.647992e-02,2.181673e-02
Bag_125+3,Corel2vs3_data_125,0,8.022448e+00,6.932076e-01,1.016987e+00,6.489620e+00,6.809872e+00,3.243803e+00,1.381444e-01,9.604540e-02,7.979398e-02
Bag_126+1,Corel2vs3_data_126,0,3.147765e+00,-1.630839e-01,1.592416e-02,6.626575e+00,5.354188e+00,3.298522e+00,1.219477e-01,1.380494e-01,1.607369e-01
Bag_126+2,Corel2vs3_data_126,0,5.880421e+00,1.258507e-01,1.683605e+00,6.733595e+00,6.091640e+00,3.704094e+00,1.086169e-01,5.940051e-02,5.056109e-02
Bag_126+3,Corel2vs3_data_126,0,5.794544e+00,-5.789984e-01,-4.940350e-01,4.431783e+00,3.350586e+00,2.069817e+00,1.712035e-01,9.800010e-02,6.679066e-02
Bag_126+4,Corel2vs3_data_126,0,8.512808e+00,1.988427e-01,1.299815e-01,5.165338e+00,3.947623e+00,2.476346e+00,1.462927e-01,8.449417e-02,6.479197e-02
Bag_127+1,Corel2vs3_data_127,0,4.314029e+00,2.718486e-02,-4.981842e-02,7.087206e+00,7.478139e+00,4.461550e+00,2.040553e-01,1.140009e-01,7.368713e-02
Bag_127+2,Corel2vs3_data_127,0,7.630630e+00,7.676234e-01,8.665571e-01,6.272188e+00,5.793941e+00,3.377754e+00,7.437102e-02,2.691026e-02,3.435438e-02
Bag_127+3,Corel2vs3_data_127,0,5.313693e+00,-2.160290e-01,2.266042e+00,8.499887e+00,8.602202e+00,5.758454e+00,1.032725e-01,7.446329e-02,6.520036e-02
Bag_127+4,Corel2vs3_data_127,0,8.922637e+00,-4.296137e-01,-9.738962e-01,5.288112e-01,4.453829e-01,3.172134e-01,4.015494e-03,1.766953e-02,3.709942e-02
Bag_128+1,Corel2vs3_data_128,0,2.306696e+00,2.071418e-01,-4.424162e-02,4.182168e+00,4.447519e+00,2.503417e+00,1.224818e-01,8.894765e-02,8.110369e-02
Bag_128+2,Corel2vs3_data_128,0,5.590318e+00,-1.988475e+00,-4.980246e+00,5.396460e-01,5.244896e-01,2.956108e-01,9.051173e-02,7.961123e-02,6.684191e-02
Bag_128+3,Corel2vs3_data_128,0,6.994176e+00,1.110335e+00,1.799623e+00,8.518071e+00,8.511726e+00,4.613480e+00,-1.339693e-02,-1.803379e-03,2.759011e-02
Bag_128+4,Corel2vs3_data_128,0,6.497985e+00,-1.690458e+00,-4.157955e+00,2.006863e+00,2.575237e+00,1.223194e+00,1.893197e-01,1.488203e-01,1.063606e-01
Bag_129+1,Corel2vs3_data_129,0,2.238724e+00,5.821647e-02,-5.605750e-01,4.406748e+00,4.555361e+00,2.365644e+00,4.635978e-03,8.647190e-03,3.282532e-02
Bag_129+2,Corel2vs3_data_129,0,6.737669e+00,-1.803514e+00,-4.103561e+00,8.622071e-01,9.066202e-01,5.628164e-01,4.708403e-02,4.833747e-02,6.004810e-02
Bag_129+3,Corel2vs3_data_129,0,5.039553e+00,9.049066e-01,1.574303e+00,1.074569e+01,1.167455e+01,6.618577e+00,3.085263e-01,2.009442e-01,1.231849e-01
Bag_129+4,Corel2vs3_data_129,0,7.628162e+00,9.151592e-01,9.755445e-01,8.372708e+00,8.787524e+00,4.932628e+00,6.170080e-03,2.935424e-03,2.854969e-02
Bag_130+1,Corel2vs3_data_130,0,3.354947e+00,2.491523e-01,2.856526e-01,7.423288e+00,8.036238e+00,4.508240e+00,1.734144e-01,1.087156e-01,7.627452e-02
Bag_130+2,Corel2vs3_data_130,0,7.733871e+00,6.844732e-01,7.842668e-01,7.897594e+00,7.776961e+00,4.408382e+00,7.432359e-02,6.359433e-02,6.672309e-02
Bag_130+3,Corel2vs3_data_130,0,7.358349e+00,-1.562449e+00,-3.415268e+00,1.409006e+00,1.365645e+00,8.750572e-01,1.053325e-01,1.116052e-01,9.125958e-02
Bag_130+4,Corel2vs3_data_130,0,6.906132e+00,2.780507e+00,2.956334e+00,4.204658e+00,5.532413e+00,1.762545e+00,-3.145981e-02,-1.342312e-02,2.349652e-02
Bag_131+1,Corel2vs3_data_131,0,2.951087e+00,3.267037e-01,1.586926e-01,6.634434e+00,6.887853e+00,3.462999e+00,1.176943e-01,1.047505e-01,8.974897e-02
Bag_131+2,Corel2vs3_data_131,0,6.036032e+00,1.189273e+00,1.623664e+00,1.020824e+01,1.013992e+01,5.307661e+00,1.424696e-01,8.810765e-02,6.589271e-02
Bag_131+3,Corel2vs3_data_131,0,7.209792e+00,-1.528131e+00,-3.395309e+00,1.435235e+00,1.346927e+00,9.172472e-01,7.404543e-02,8.944402e-02,8.463600e-02
Bag_131+4,Corel2vs3_data_131,0,8.239995e+00,1.130249e+00,1.265636e+00,6.093222e+00,6.801866e+00,3.444888e+00,9.973797e-02,6.759779e-02,5.818081e-02
Bag_132+1,Corel2vs3_data_132,0,3.534470e+00,5.486264e-01,-2.364927e-02,4.558197e+00,7.730085e+00,2.579187e+00,4.173613e-01,3.211761e-01,2.083661e-01
Bag_132+2,Corel2vs3_data_132,0,6.950401e+00,2.693058e+00,2.736730e+00,5.157652e+00,4.825969e+00,2.149532e+00,2.913876e-01,1.748050e-01,1.035688e-01
Bag_132+3,Corel2vs3_data_132,0,5.255958e+00,1.460340e+00,1.524836e+00,8.567567e+00,7.498456e+00,3.656274e+00,1.486204e-01,7.920872e-02,5.723429e-02
Bag_132+4,Corel2vs3_data_132,0,7.745064e+00,1.127310e+00,1.243873e+00,7.856897e+00,8.122766e+00,3.250617e+00,1.891461e-01,1.073529e-01,7.148092e-02
Bag_133+1,Corel2vs3_data_133,0,3.895469e+00,-2.178495e-01,-1.475196e-01,7.576518e+00,1.007446e+01,3.394249e+00,1.624619e-01,1.150757e-01,8.261928e-02
Bag_133+2,Corel2vs3_data_133,0,7.471025e+00,-1.184891e+00,-2.740774e+00,7.539408e-01,7.355256e-01,4.768253e-01,3.241659e-02,5.177168e-02,5.795929e-02
Bag_133+3,Corel2vs3_data_133,0,6.947787e+00,-4.141537e-02,-3.701767e-02,6.274283e+00,6.651971e+00,2.836437e+00,5.348139e-02,2.901108e-02,3.813658e-02
Bag_134+1,Corel2vs3_data_134,0,2.482618e+00,5.986321e-01,-1.057774e-01,2.409212e+00,2.937950e+00,1.366298e+00,2.057036e-01,1.894025e-01,1.422241e-01
Bag_134+2,Corel2vs3_data_134,0,7.745808e+00,1.679271e-01,3.424672e-01,4.269022e+00,3.825898e+00,2.144813e+00,9.576114e-03,3.597476e-03,2.840547e-02
Bag_134+3,Corel2vs3_data_134,0,5.151095e+00,-4.701217e-03,6.457402e-01,3.593650e+00,4.049463e+00,1.751393e+00,2.186594e-01,1.108219e-01,6.693774e-02
Bag_135+1,Corel2vs3_data_135,0,1.828480e+00,1.562011e-01,1.265805e-01,6.604517e-01,6.164144e-01,3.240280e-01,-4.576909e-02,-1.933243e-02,2.171554e-02
Bag_135+2,Corel2vs3_data_135,0,5.257412e+00,5.132743e+00,2.692223e+00,7.632564e-01,9.316380e-01,3.635686e-01,3.374573e-05,2.135094e-03,2.910091e-02
Bag_136+1,Corel2vs3_data_136,0,6.201674e+00,-1.826336e+00,-2.168353e+00,5.277908e-01,3.244107e-01,2.452886e-01,9.115275e-02,1.009953e-01,8.442061e-02
Bag_136+2,Corel2vs3_data_136,0,4.307550e+00,-4.241685e-01,2.393352e+00,8.865568e+00,8.574866e+00,5.635822e+00,1.579884e-01,1.095744e-01,7.858923e-02
Bag_136+3,Corel2vs3_data_136,0,7.072604e+00,-1.302229e+00,-1.262604e+00,1.085504e+00,7.512047e-01,5.721110e-01,4.672962e-02,4.689290e-02,5.307710e-02
Bag_136+4,Corel2vs3_data_136,0,8.003716e+00,7.747976e-01,2.228692e+00,5.488159e+00,5.248829e+00,2.925304e+00,8.493807e-02,6.455901e-02,6.038876e-02
Bag_137+1,Corel2vs3_data_137,0,3.399430e+00,1.370308e+00,5.344483e-01,3.956972e+00,4.957217e+00,2.035259e+00,1.426549e-01,1.361052e-01,1.314075e-01
Bag_137+2,Corel2vs3_data_137,0,6.652724e+00,8.998874e-01,2.138000e+00,3.499696e+00,3.529970e+00,1.617218e+00,-3.356414e-02,-1.429617e-02,2.325520e-02
Bag_138+1,Corel2vs3_data_138,0,7.903722e+00,2.681990e-01,3.357393e-01,5.632366e+00,6.020493e+00,3.087387e+00,-2.368036e-03,-1.869182e-03,2.668451e-02
Bag_138+2,Corel2vs3_data_138,0,4.612924e+00,1.735147e-01,1.055080e+00,8.757464e+00,7.963440e+00,4.905746e+00,2.290720e-01,1.418865e-01,9.008560e-02
Bag_139+1,Corel2vs3_data_139,0,2.532176e+00,5.496486e-01,-4.137671e-01,7.316126e+00,6.251147e+00,3.766756e+00,4.981037e-01,4.035816e-01,3.011087e-01
Bag_139+2,Corel2vs3_data_139,0,7.693263e+00,5.748580e-01,6.238546e-01,7.700126e+00,6.486624e+00,3.584727e+00,1.312249e-01,8.138960e-02,6.237813e-02
Bag_139+3,Corel2vs3_data_139,0,6.756374e+00,-1.631652e+00,-3.930433e+00,2.718519e+00,2.252067e+00,1.561402e+00,1.495989e-01,1.371785e-01,1.058105e-01
Bag_139+4,Corel2vs3_data_139,0,6.876340e+00,2.991713e+00,2.546828e+00,6.205267e+00,5.034359e+00,2.046620e+00,1.098718e-02,1.070400e-02,3.256064e-02
Bag_139+5,Corel2vs3_data_139,0,5.091628e+00,1.235931e+00,1.464260e+00,1.035041e+01,8.101047e+00,4.057077e+00,3.048426e-01,2.082037e-01,1.311835e-01
Bag_140+1,Corel2vs3_data_140,0,4.349766e+00,4.400981e-01,8.528546e-01,1.095821e+01,9.902596e+00,5.501386e+00,1.261628e-01,7.436056e-02,6.010029e-02
Bag_140+2,Corel2vs3_data_140,0,6.966788e+00,-1.667274e+00,-4.056492e+00,5.192249e-01,4.805923e-01,3.016669e-01,-1.642883e-02,-9.638107e-03,2.408469e-02
Bag_140+3,Corel2vs3_data_140,0,7.665928e+00,6.896000e-01,7.758062e-01,6.666498e+00,6.964498e+00,3.720220e+00,1.560980e-02,1.996213e-02,3.894543e-02
Bag_141+1,Corel2vs3_data_141,0,3.406073e+00,-8.405700e-02,-2.367462e-01,5.428679e+00,5.733875e+00,2.490876e+00,-6.228235e-03,1.146324e-02,4.034354e-02
Bag_141+2,Corel2vs3_data_141,0,8.090840e+00,8.637388e-01,1.139516e+00,5.920508e+00,5.364235e+00,2.635244e+00,1.099809e-01,6.738363e-02,5.591682e-02
Bag_141+3,Corel2vs3_data_141,0,5.965400e+00,8.087065e-01,1.468106e+00,7.637180e+00,6.454343e+00,3.200065e+00,1.138668e-01,5.685767e-02,4.793651e-02
Bag_142+1,Corel2vs3_data_142,0,3.975244e+00,3.529916e-01,5.715543e-01,1.138555e+01,1.056606e+01,6.303004e+00,3.993770e-01,3.432904e-01,2.653403e-01
Bag_142+2,Corel2vs3_data_142,0,6.827084e+00,-1.953016e+00,-4.341746e+00,6.827841e-01,3.801464e-01,3.485364e-01,3.869791e-02,5.324870e-02,5.806283e-02
Bag_142+3,Corel2vs3_data_142,0,7.102952e+00,7.429255e-01,9.611974e-01,9.063645e+00,8.323056e+00,4.645864e+00,2.511626e-02,1.876187e-02,3.587888e-02
Bag_142+4,Corel2vs3_data_142,0,7.945546e+00,-1.158059e+00,-2.816388e+00,1.306455e+00,1.180498e+00,8.110910e-01,-9.671715e-03,6.351913e-03,3.259564e-02
Bag_143+1,Corel2vs3_data_143,0,4.993063e+00,6.535278e-01,1.014910e+00,1.125779e+01,1.133858e+01,5.560148e+00,2.286756e-01,2.058934e-01,1.541114e-01
Bag_143+2,Corel2vs3_data_143,0,6.600755e+00,-1.879657e+00,-4.466662e+00,5.075578e-01,4.901900e-01,3.167052e-01,7.089260e-03,1.016241e-02,3.219008e-02
Bag_143+3,Corel2vs3_data_143,0,7.796403e+00,4.608237e-01,5.173499e-01,7.110389e+00,7.969498e+00,3.807341e+00,7.431671e-02,5.827022e-02,5.537546e-02
Bag_144+1,Corel2vs3_data_144,0,4.130263e+00,3.226648e-01,8.952157e-01,1.167435e+01,1.117490e+01,5.308531e+00,1.507153e-01,1.031455e-01,7.780006e-02
Bag_144+2,Corel2vs3_data_144,0,6.136745e+00,-1.968810e+00,-4.635951e+00,1.002103e+00,8.259764e-01,7.090241e-01,6.459364e-02,6.548372e-02,6.080854e-02
Bag_144+3,Corel2vs3_data_144,0,7.561035e+00,3.738288e-01,4.719586e-01,8.191490e+00,8.287263e+00,3.681180e+00,4.762483e-02,2.774380e-02,3.841899e-02
Bag_145+1,Corel2vs3_data_145,0,3.640154e+00,2.608553e-01,8.660824e-01,1.054593e+01,6.617111e+00,4.780901e+00,1.064245e-01,5.667999e-02,4.903616e-02
Bag_145+2,Corel2vs3_data_145,0,5.820975e+00,-1.936743e+00,-4.816115e+00,8.311074e-01,9.413114e-01,6.266069e-01,-7.492148e-03,7.025316e-05,2.800548e-02
Bag_145+3,Corel2vs3_data_145,0,7.448498e+00,4.136014e-01,7.268792e-01,9.027815e+00,6.605355e+00,3.688289e+00,1.707728e-02,5.210079e-03,2.837654e-02
Bag_146+1,Corel2vs3_data_146,0,2.857433e+00,3.917342e-01,2.385494e-01,8.105078e+00,5.781967e+00,4.474286e+00,1.206973e-01,5.920595e-02,4.764912e-02
Bag_146+2,Corel2vs3_data_146,0,4.747880e+00,7.833549e-01,2.079332e+00,8.879802e+00,8.121314e+00,5.484953e+00,-1.559890e-02,-6.130094e-03,2.563730e-02
Bag_147+1,Corel2vs3_data_147,0,4.872757e+00,8.694609e-02,-9.616783e-01,7.620642e+00,6.659451e+00,4.084146e+00,1.574628e-01,1.283404e-01,1.039065e-01
Bag_147+2,Corel2vs3_data_147,0,8.215241e+00,-9.780762e-02,-8.698079e-01,2.195888e+00,1.401951e+00,1.028721e+00,6.800822e-02,5.041374e-02,4.964701e-02
Bag_147+3,Corel2vs3_data_147,0,7.030388e+00,8.646298e-01,1.863744e-01,9.199047e+00,6.597030e+00,4.590314e+00,3.840875e-02,2.570369e-02,3.871586e-02
Bag_148+1,Corel2vs3_data_148,0,3.589606e+00,-3.636206e-01,8.371701e-01,1.042140e+01,8.484584e+00,5.912513e+00,2.005727e-01,1.422714e-01,1.035176e-01
Bag_148+2,Corel2vs3_data_148,0,7.472869e+00,4.497049e-01,4.390117e-01,8.075972e+00,6.460225e+00,3.797904e+00,1.175739e-01,5.219233e-02,4.476350e-02
Bag_148+3,Corel2vs3_data_148,0,5.371752e+00,-4.420599e-01,2.143261e+00,9.323256e+00,7.162579e+00,5.020365e+00,1.222108e-01,6.979107e-02,5.480758e-02
Bag_149+1,Corel2vs3_data_149,0,4.522038e+00,4.680610e-01,5.392314e-01,1.095061e+01,9.036590e+00,5.176989e+00,1.242230e-01,9.530737e-02,7.436811e-02
Bag_149+2,Corel2vs3_data_149,0,6.890178e+00,-1.663639e+00,-3.904040e+00,4.859792e-01,4.091129e-01,3.459303e-01,7.365593e-02,4.442494e-02,4.477663e-02
Bag_149+3,Corel2vs3_data_149,0,8.182858e+00,4.151597e-01,2.612257e-01,6.541806e+00,7.721125e+00,3.627582e+00,5.019837e-02,3.445264e-02,4.312445e-02
Bag_150+1,Corel2vs3_data_150,0,5.146838e+00,3.452662e+00,3.284416e+00,7.109065e+00,7.332104e+00,4.047898e+00,3.239847e-01,2.076184e-01,1.251768e-01
Bag_150+2,Corel2vs3_data_150,0,2.828583e+00,2.024988e+00,9.223928e-01,6.438941e+00,8.928782e+00,4.270607e+00,1.047087e+00,1.022109e+00,7.886137e-01
Bag_150+3,Corel2vs3_data_150,0,7.793209e+00,8.976191e-01,1.609926e+00,5.885752e+00,6.289482e+00,3.317360e+00,8.519778e-02,4.577166e-02,4.454970e-02
Bag_150+4,Corel2vs3_data_150,0,3.813692e+00,6.134964e+00,2.328467e+00,5.427821e+00,5.762266e+00,3.013231e+00,4.608591e-01,3.641250e-01,2.403188e-01
Bag_150+5,Corel2vs3_data_150,0,6.485494e+00,2.191671e+00,3.821445e+00,6.620280e+00,5.814347e+00,3.695448e+00,1.213572e-01,6.430742e-02,5.113158e-02
Bag_151+1,Corel2vs3_data_151,0,2.165107e+00,2.711441e-01,2.602917e-01,3.219486e+00,3.104324e+00,1.885086e+00,1.440342e-01,9.954551e-02,7.724413e-02
Bag_151+2,Corel2vs3_data_151,0,7.241882e+00,-7.204909e-02,1.258618e-01,6.226410e+00,5.877059e+00,3.673878e+00,4.473753e-02,1.863484e-02,3.308974e-02
Bag_151+3,Corel2vs3_data_151,0,4.851015e+00,9.136274e-02,3.090054e-01,7.956348e+00,7.244666e+00,4.738404e+00,1.497126e-01,8.543664e-02,6.163193e-02
Bag_152+1,Corel2vs3_data_152,0,6.025611e+00,-1.954014e+00,-3.887201e+00,5.857880e-01,4.635077e-01,4.854816e-01,2.008028e-01,2.114945e-01,1.592591e-01
Bag_152+2,Corel2vs3_data_152,0,3.726021e+00,4.753003e-01,8.819660e-01,1.049936e+01,1.168802e+01,5.269795e+00,1.460287e-01,9.451380e-02,7.097717e-02
Bag_152+3,Corel2vs3_data_152,0,6.132364e+00,-8.559247e-02,-6.348088e-02,5.167612e+00,6.535775e+00,2.706803e+00,1.950096e-01,1.759172e-01,1.286631e-01
Bag_152+4,Corel2vs3_data_152,0,7.478873e+00,8.195468e-01,1.211117e+00,8.070879e+00,8.836216e+00,3.919856e+00,4.163970e-02,2.735767e-02,3.859849e-02
Bag_152+5,Corel2vs3_data_152,0,6.740413e+00,-1.391424e+00,-2.624231e+00,3.174875e+00,3.669209e+00,2.419171e+00,1.089829e+00,1.561108e+00,1.871561e+00
Bag_153+1,Corel2vs3_data_153,0,4.115002e+00,-3.536777e-01,1.052630e+00,6.974377e+00,8.118314e+00,4.181626e+00,2.252335e-01,1.669368e-01,1.148086e-01
Bag_153+2,Corel2vs3_data_153,0,8.030420e+00,-1.081873e+00,-2.867465e+00,9.700650e-01,1.555609e+00,7.699286e-01,2.041438e-02,2.472620e-02,4.047464e-02
Bag_153+3,Corel2vs3_data_153,0,8.066290e+00,4.667669e-01,2.424632e-01,5.820605e+00,7.181406e+00,2.896762e+00,8.042136e-03,1.892398e-02,3.845723e-02
Bag_154+1,Corel2vs3_data_154,0,2.643517e+00,3.620073e-01,-5.213628e-01,1.026702e+01,9.283910e+00,5.962629e+00,2.374377e-01,1.751891e-01,1.197713e-01
Bag_154+2,Corel2vs3_data_154,0,7.671433e+00,3.401385e-01,6.599030e-02,7.890354e+00,7.782749e+00,3.902582e+00,1.233712e-01,7.946999e-02,6.749634e-02
Bag_154+3,Corel2vs3_data_154,0,4.382011e+00,5.329505e+00,6.352475e-01,1.125734e+01,9.324562e+00,6.425683e+00,2.602049e-01,1.984666e-01,1.433984e-01
Bag_154+4,Corel2vs3_data_154,0,8.102998e+00,-1.114842e+00,-2.715502e+00,5.443869e-01,6.589568e-01,3.527798e-01,3.211183e-02,4.503943e-02,5.258007e-02
Bag_154+5,Corel2vs3_data_154,0,5.077441e+00,5.776670e-01,2.900278e-01,1.277328e+01,1.082621e+01,6.319717e+00,2.215087e-01,1.563797e-01,1.071976e-01
Bag_155+1,Corel2vs3_data_155,0,8.658537e+00,1.966008e-01,3.433629e-01,3.480198e+00,2.111335e+00,1.349778e+00,1.249221e-01,7.606375e-02,5.958549e-02
Bag_155+2,Corel2vs3_data_155,0,5.190345e+00,4.325255e-01,1.004038e+00,7.480103e+00,6.250122e+00,3.486167e+00,-2.586328e-03,3.533160e-03,2.951780e-02
Bag_156+1,Corel2vs3_data_156,0,7.584785e+00,7.575505e-01,1.381561e+00,6.046357e+00,4.536983e+00,2.962405e+00,-1.818726e-02,-8.068714e-03,2.492415e-02
Bag_156+2,Corel2vs3_data_156,0,4.779737e+00,6.961153e-01,1.323171e+00,8.621696e+00,6.954437e+00,4.041413e+00,2.677582e-01,1.616223e-01,9.927659e-02
Bag_157+1,Corel2vs3_data_157,0,9.088898e+00,1.057765e-01,-1.372495e-02,1.552071e+00,1.468018e+00,8.338601e-01,5.782791e-02,4.544489e-02,4.792104e-02
Bag_157+2,Corel2vs3_data_157,0,5.792844e+00,3.032252e-01,1.735613e-01,5.711032e+00,5.565717e+00,3.046249e+00,2.790268e-03,6.990853e-03,3.091609e-02
Bag_158+1,Corel2vs3_data_158,0,3.797021e+00,6.936942e-01,-2.300578e-01,7.388063e+00,6.555197e+00,3.015712e+00,1.703647e-01,1.078026e-01,7.492531e-02
Bag_158+2,Corel2vs3_data_158,0,7.490352e+00,1.929324e-01,-3.030460e-01,5.453228e+00,4.824528e+00,2.484991e+00,1.465418e-01,7.036542e-02,5.201316e-02
Bag_158+3,Corel2vs3_data_158,0,5.650714e+00,2.161619e+00,1.262421e+00,5.101657e+00,4.257761e+00,1.821764e+00,7.970423e-02,6.502771e-02,5.966475e-02
Bag_159+1,Corel2vs3_data_159,0,3.831141e+00,-9.478591e-03,6.989353e-01,5.849214e+00,5.251890e+00,2.611241e+00,2.732976e-01,2.337911e-01,1.825487e-01
Bag_159+2,Corel2vs3_data_159,0,8.684689e+00,-7.532684e-02,-7.947777e-01,6.986762e-01,5.465606e-01,3.388194e-01,3.109201e-03,8.257159e-03,3.155475e-02
Bag_159+3,Corel2vs3_data_159,0,7.155353e+00,6.154239e-01,1.399254e+00,6.049264e+00,5.519601e+00,2.826782e+00,1.238457e-01,9.561482e-02,7.469411e-02
Bag_160+1,Corel2vs3_data_160,0,2.927169e+00,1.629513e+00,7.713852e-01,6.846360e+00,7.388178e+00,2.909114e+00,2.540697e-01,2.097009e-01,1.713566e-01
Bag_160+2,Corel2vs3_data_160,0,6.710326e+00,5.629372e-01,3.154120e-01,5.084360e+00,4.026633e+00,1.948501e+00,2.359420e-01,1.208094e-01,7.261176e-02
Bag_160+3,Corel2vs3_data_160,0,5.884096e+00,1.903724e+00,2.048201e+00,6.740103e+00,7.444687e+00,3.039270e+00,1.296840e-01,9.507209e-02,7.479056e-02
Bag_160+4,Corel2vs3_data_160,0,8.226868e+00,4.027778e-02,-1.859803e-01,4.487264e+00,2.110916e+00,1.137558e+00,2.004695e-02,2.656365e-02,4.097535e-02
Bag_161+1,Corel2vs3_data_161,0,6.901120e+00,3.579518e-01,1.459695e+00,5.213996e+00,6.518951e+00,3.747225e+00,-3.675715e-02,-1.515439e-02,2.295704e-02
Bag_161+2,Corel2vs3_data_161,0,4.103906e+00,3.957928e-01,1.008751e+00,8.048573e+00,8.717276e+00,5.008165e+00,7.381144e-02,4.474788e-02,4.766950e-02
Bag_162+1,Corel2vs3_data_162,0,2.855067e+00,2.301311e-01,-2.093635e-01,6.400260e+00,6.894086e+00,3.977658e+00,2.593896e-01,1.733835e-01,1.194921e-01
Bag_162+2,Corel2vs3_data_162,0,7.554590e+00,8.074651e-01,9.092006e-01,8.848718e+00,7.710709e+00,4.336497e+00,6.387366e-02,4.026806e-02,4.433402e-02
Bag_162+3,Corel2vs3_data_162,0,5.166411e+00,1.094983e+00,1.163848e+00,1.362566e+01,1.015370e+01,6.065188e+00,1.673243e-01,9.797533e-02,6.832013e-02
Bag_162+4,Corel2vs3_data_162,0,7.884470e+00,-6.049939e-01,-1.950585e+00,1.845745e+00,1.967821e+00,1.313856e+00,9.660764e-02,7.145133e-02,6.148453e-02
Bag_163+1,Corel2vs3_data_163,0,2.578777e+00,5.175749e-01,7.949204e-02,6.567658e+00,7.449969e+00,3.854704e+00,1.358244e-01,8.975632e-02,7.553370e-02
Bag_163+2,Corel2vs3_data_163,0,8.344124e+00,3.288148e-01,4.463432e-01,6.510318e+00,7.081289e+00,3.845829e+00,4.180366e-02,3.788469e-02,4.481275e-02
Bag_163+3,Corel2vs3_data_163,0,5.395627e+00,2.969834e-01,4.595012e-01,5.729444e+00,5.985918e+00,3.236266e+00,5.669079e-02,3.959818e-02,4.519831e-02
Bag_164+1,Corel2vs3_data_164,0,4.637718e+00,1.716381e-01,3.294410e-01,4.300718e+00,4.420340e+00,1.909802e+00,9.796621e-02,7.933918e-02,6.575568e-02
Bag_164+2,Corel2vs3_data_164,0,6.061150e+00,-1.768450e+00,-3.941849e+00,5.538588e-01,4.434954e-01,3.404901e-01,9.229196e-03,2.018335e-02,3.813355e-02
Bag_164+3,Corel2vs3_data_164,0,7.426558e+00,5.278169e-01,1.036153e+00,7.495697e+00,8.500506e+00,3.793325e+00,3.721344e-02,4.523898e-02,5.377200e-02
Bag_165+1,Corel2vs3_data_165,0,3.843177e+00,3.175752e-02,4.062312e-01,9.858815e+00,1.036983e+01,6.381032e+00,7.397344e-01,7.134842e-01,5.248522e-01
Bag_165+2,Corel2vs3_data_165,0,6.189916e+00,-1.622133e+00,-4.017898e+00,8.918246e-01,7.787527e-01,6.190009e-01,-2.539380e-02,-7.458499e-03,2.599492e-02
Bag_165+3,Corel2vs3_data_165,0,7.910138e+00,5.779831e-01,9.912971e-01,7.832148e+00,7.033929e+00,4.193866e+00,6.450768e-02,7.555585e-02,7.263942e-02
Bag_166+1,Corel2vs3_data_166,0,3.257883e+00,4.566038e-01,4.483920e-01,7.727399e+00,6.956182e+00,3.457838e+00,1.510548e-01,9.775484e-02,7.163006e-02
Bag_166+2,Corel2vs3_data_166,0,9.078226e+00,4.627594e-02,-1.607728e-02,2.222502e+00,2.123967e+00,1.318196e+00,1.088467e-01,9.507655e-02,7.565330e-02
Bag_166+3,Corel2vs3_data_166,0,5.825078e+00,5.529007e-01,6.166415e-01,7.416933e+00,6.582537e+00,3.577844e+00,4.875952e-02,2.966181e-02,3.943089e-02
Bag_167+1,Corel2vs3_data_167,0,7.805002e+00,2.943512e-01,3.865429e-01,4.114720e+00,4.878709e+00,1.882016e+00,1.203508e-02,5.384928e-03,2.923984e-02
Bag_167+2,Corel2vs3_data_167,0,4.731780e+00,1.750899e-01,5.504276e-01,7.137512e+00,7.927963e+00,3.347879e+00,1.723338e-01,8.300468e-02,5.711638e-02
Bag_168+1,Corel2vs3_data_168,0,7.670135e+00,6.821841e-01,7.804281e-01,3.596218e+00,5.263773e+00,1.822218e+00,1.089644e-02,2.971146e-03,2.783856e-02
Bag_168+2,Corel2vs3_data_168,0,5.110484e+00,7.409758e-01,8.652552e-01,5.689824e+00,7.123409e+00,3.119152e+00,1.839417e-01,1.153167e-01,7.820012e-02
Bag_169+1,Corel2vs3_data_169,0,7.100906e+00,6.407385e-01,1.467004e+00,4.236645e+00,4.070337e+00,1.851395e+00,8.157040e-02,4.950175e-02,4.826187e-02
Bag_169+2,Corel2vs3_data_169,0,4.067039e+00,1.944595e+00,1.823673e+00,3.610453e+00,3.785734e+00,1.495789e+00,4.063969e-02,1.641483e-02,3.254085e-02
Bag_170+1,Corel2vs3_data_170,0,2.654414e+00,5.648925e-01,2.381030e-01,6.492201e+00,7.022370e+00,3.379174e+00,1.781817e-01,1.153535e-01,8.087391e-02
Bag_170+2,Corel2vs3_data_170,0,7.844598e+00,6.537324e-01,7.465429e-01,6.989166e+00,6.617990e+00,3.599062e+00,1.047835e-01,6.218534e-02,5.239430e-02
Bag_170+3,Corel2vs3_data_170,0,5.193583e+00,1.015565e+00,1.316863e+00,7.329291e+00,7.684280e+00,3.877486e+00,1.210482e-01,5.807697e-02,4.811554e-02
Bag_171+1,Corel2vs3_data_171,0,3.920326e+00,4.269991e-01,7.562884e-01,9.088196e+00,1.131971e+01,5.631119e+00,1.277311e-01,7.770449e-02,6.105249e-02
Bag_171+2,Corel2vs3_data_171,0,7.566156e+00,-1.574831e+00,-2.971533e+00,5.778461e-01,5.424670e-01,3.790673e-01,7.543553e-02,3.121110e-02,3.718831e-02
Bag_171+3,Corel2vs3_data_171,0,7.967942e+00,2.094294e-01,7.131435e-01,5.247459e+00,5.684111e+00,3.214902e+00,3.368092e-02,1.590177e-02,3.241082e-02
Bag_172+1,Corel2vs3_data_172,0,8.101936e+00,-6.857016e-01,-1.423466e+00,4.925313e-01,3.995487e-01,2.227161e-01,1.926001e-01,8.935908e-02,5.729092e-02
Bag_172+2,Corel2vs3_data_172,0,6.764974e+00,5.183681e-01,8.804246e-01,6.133247e+00,5.749899e+00,2.790892e+00,-5.239137e-02,-2.055608e-02,2.152517e-02
Bag_173+1,Corel2vs3_data_173,0,3.657052e+00,1.680645e-01,4.942921e-01,6.740131e+00,8.126936e+00,3.267961e+00,1.851174e-01,1.068239e-01,7.498690e-02
Bag_173+2,Corel2vs3_data_173,0,7.112448e+00,-1.705419e+00,-3.932417e+00,6.423221e-01,6.606356e-01,4.296370e-01,-1.258947e-02,-3.564124e-03,2.694169e-02
Bag_173+3,Corel2vs3_data_173,0,7.766163e+00,3.665661e-01,4.092664e-01,6.879844e+00,7.205845e+00,3.129892e+00,1.765654e-02,7.760219e-03,3.032167e-02
Bag_174+1,Corel2vs3_data_174,0,2.030199e+00,2.437901e-02,1.670783e-01,2.874547e+00,3.222101e+00,1.953440e+00,1.364641e-01,6.222859e-02,4.857368e-02
Bag_174+2,Corel2vs3_data_174,0,6.811939e+00,5.592196e-01,2.254317e+00,8.049328e+00,9.473067e+00,4.803519e+00,6.396263e-02,3.871180e-02,4.283619e-02
Bag_174+3,Corel2vs3_data_174,0,4.368837e+00,1.843617e-01,1.557199e+00,1.018934e+01,1.164851e+01,6.660375e+00,1.563397e-01,8.996516e-02,6.501270e-02
Bag_175+1,Corel2vs3_data_175,0,2.380989e+00,1.320780e-01,-1.046736e-01,2.280078e+00,2.948793e+00,1.298980e+00,3.617540e-02,1.595753e-02,3.239549e-02
Bag_175+2,Corel2vs3_data_175,0,7.068088e+00,4.962483e-01,9.084188e-01,5.469159e+00,8.708212e+00,3.420622e+00,3.379167e-02,2.596104e-02,4.024498e-02
Bag_176+1,Corel2vs3_data_176,0,4.012489e+00,1.554300e-01,6.817299e-01,1.243890e+01,8.497787e+00,4.370881e+00,7.522171e-02,4.978143e-02,5.100499e-02
Bag_176+2,Corel2vs3_data_176,0,4.832655e+00,-1.800380e+00,-5.482175e+00,1.178123e+00,8.060117e-01,6.527566e-01,2.671902e-01,1.983085e-01,1.264961e-01
Bag_176+3,Corel2vs3_data_176,0,7.833900e+00,3.408365e-01,7.618368e-01,8.297435e+00,5.157411e+00,2.894865e+00,4.478863e-02,2.281741e-02,3.531815e-02
Bag_177+1,Corel2vs3_data_177,0,2.052377e+00,1.035317e-01,-1.150570e-01,3.522680e+00,4.544353e+00,2.157242e+00,1.105773e-01,6.655135e-02,5.423186e-02
Bag_177+2,Corel2vs3_data_177,0,8.401504e+00,3.833203e-01,5.887935e-01,3.707775e+00,4.582662e+00,2.286055e+00,2.034301e-02,1.807337e-02,3.613969e-02
Bag_177+3,Corel2vs3_data_177,0,4.790782e+00,-3.078526e-01,1.311065e+00,7.069759e+00,9.673061e+00,4.100667e+00,6.079379e-02,4.522016e-02,5.168210e-02
Bag_178+1,Corel2vs3_data_178,0,7.312929e+00,5.662332e-01,2.829444e-01,5.474579e+00,5.388428e+00,2.651046e+00,3.531035e-03,-9.110175e-04,2.675325e-02
Bag_178+2,Corel2vs3_data_178,0,4.545249e+00,6.407963e-01,2.779470e-01,7.379392e+00,7.669990e+00,3.320257e+00,2.125263e-01,1.395308e-01,9.149304e-02
Bag_179+1,Corel2vs3_data_179,0,3.804497e+00,-9.685914e-02,1.135866e-01,8.121815e+00,7.549296e+00,3.806281e+00,1.420498e-01,9.394851e-02,7.205840e-02
Bag_179+2,Corel2vs3_data_179,0,7.479064e+00,-1.370235e+00,-3.668056e+00,7.820359e-01,7.034604e-01,4.430208e-01,5.286573e-02,3.989543e-02,4.467358e-02
Bag_179+3,Corel2vs3_data_179,0,7.175601e+00,5.746856e-01,6.650800e-01,7.847445e+00,7.947766e+00,3.982524e+00,4.086399e-02,3.299567e-02,4.255423e-02
Bag_180+1,Corel2vs3_data_180,0,4.293382e+00,-4.990727e-02,1.219214e+00,5.659089e+00,5.267370e+00,2.900018e+00,9.011003e-02,6.837897e-02,5.878751e-02
Bag_180+2,Corel2vs3_data_180,0,7.305721e+00,-1.141784e+00,-3.250107e+00,1.173745e+00,1.068269e+00,7.573459e-01,7.528593e-02,6.565322e-02,5.919652e-02
Bag_180+3,Corel2vs3_data_180,0,7.161681e+00,6.234901e-01,6.505000e-01,7.081980e+00,6.785915e+00,3.777080e+00,6.352746e-02,5.316450e-02,5.271531e-02
Bag_181+1,Corel2vs3_data_181,0,3.924034e+00,-1.694088e-01,3.870217e-01,8.159694e+00,8.531191e+00,4.663513e+00,2.667933e-01,1.456631e-01,8.328848e-02
Bag_181+2,Corel2vs3_data_181,0,7.243777e+00,-1.780226e+00,-3.924633e+00,9.441463e-01,1.121244e+00,6.096772e-01,8.150267e-02,3.904912e-02,4.017487e-02
Bag_181+3,Corel2vs3_data_181,0,7.402263e+00,8.802390e-02,5.613134e-01,7.319007e+00,7.681658e+00,4.562018e+00,1.205943e-01,5.552351e-02,4.622642e-02
Bag_182+1,Corel2vs3_data_182,0,3.718130e+00,-3.264264e-01,1.392427e+00,6.991803e+00,5.426331e+00,3.240229e+00,3.235558e-01,2.314411e-01,1.582343e-01
Bag_182+2,Corel2vs3_data_182,0,7.642679e+00,4.023543e-01,1.368832e+00,6.779349e+00,5.205556e+00,3.302404e+00,2.048554e-02,2.184012e-02,3.786599e-02
Bag_182+3,Corel2vs3_data_182,0,3.187478e+00,-6.564782e-01,-1.658487e+00,9.670329e+00,1.006021e+01,7.466313e+00,4.458037e-02,5.605975e-02,6.361789e-02
Bag_182+4,Corel2vs3_data_182,0,7.693980e+00,-1.454280e+00,-2.700933e+00,2.219103e+00,2.274396e+00,1.521400e+00,1.421161e-01,1.071400e-01,8.012632e-02
Bag_183+1,Corel2vs3_data_183,0,7.915273e+00,8.766892e-02,3.500124e-01,5.305932e+00,4.662344e+00,3.490592e+00,9.134812e-03,9.383928e-03,3.188730e-02
Bag_183+2,Corel2vs3_data_183,0,5.867801e+00,3.666914e-01,2.006736e+00,7.916764e+00,7.842264e+00,6.289018e+00,8.624842e-02,3.591774e-02,3.831535e-02
Bag_184+1,Corel2vs3_data_184,0,4.392524e+00,7.181772e-01,1.128134e+00,6.156876e+00,6.089785e+00,3.038361e+00,5.180844e-02,2.556849e-02,3.768302e-02
Bag_184+2,Corel2vs3_data_184,0,8.988105e+00,-1.033921e-01,-5.437371e-02,9.758570e-01,8.578780e-01,5.589257e-01,6.646349e-02,5.511095e-02,6.220376e-02
Bag_184+3,Corel2vs3_data_184,0,7.069134e+00,1.274569e+00,1.865703e+00,6.188290e+00,7.709259e+00,3.251271e+00,8.682331e-02,4.487735e-02,4.514138e-02
Bag_185+1,Corel2vs3_data_185,0,4.779722e+00,5.272089e-01,1.561233e+00,6.720450e+00,7.546777e+00,3.404743e+00,6.547667e-02,3.585555e-02,4.116446e-02
Bag_185+2,Corel2vs3_data_185,0,8.567213e+00,-1.082294e+00,-1.256372e+00,1.349361e+00,1.503359e+00,8.365148e-01,3.988919e-01,2.967116e-01,2.013429e-01
Bag_185+3,Corel2vs3_data_185,0,7.914478e+00,7.704777e-01,1.812036e+00,6.054672e+00,6.427298e+00,2.934577e+00,5.743530e-02,3.006530e-02,3.835326e-02
Bag_186+1,Corel2vs3_data_186,0,4.545295e+00,5.052851e-01,1.198488e+00,8.402077e+00,8.023770e+00,4.143133e+00,8.824950e-02,5.285599e-02,5.169126e-02
Bag_186+2,Corel2vs3_data_186,0,8.175867e+00,-1.264056e+00,-2.360427e+00,7.528057e-01,8.293556e-01,4.908607e-01,5.206365e-02,3.644359e-02,4.207104e-02
Bag_186+3,Corel2vs3_data_186,0,7.753077e+00,6.918265e-01,1.378516e+00,6.090870e+00,5.236958e+00,3.458028e+00,-3.324498e-02,-1.464600e-02,2.292378e-02
Bag_187+1,Corel2vs3_data_187,0,7.991442e+00,-1.443120e+00,-2.867484e+00,5.780089e-01,3.913900e-01,3.291775e-01,9.435499e-02,8.406340e-02,6.909092e-02
Bag_187+2,Corel2vs3_data_187,0,4.839592e+00,4.305989e-01,1.712377e+00,9.709006e+00,8.635132e+00,5.562049e+00,2.307899e-01,1.429722e-01,9.310976e-02
Bag_187+3,Corel2vs3_data_187,0,8.029922e+00,8.066920e-01,1.656949e+00,6.092436e+00,4.801766e+00,3.011359e+00,1.045715e-02,1.159825e-02,3.318967e-02
Bag_188+1,Corel2vs3_data_188,0,4.988130e+00,-1.531250e-02,5.556396e-01,6.951204e+00,6.061430e+00,3.604501e+00,5.610397e-02,3.267604e-02,4.000686e-02
Bag_188+2,Corel2vs3_data_188,0,7.898435e+00,6.827563e-01,1.382006e+00,6.547374e+00,6.341712e+00,3.691756e+00,8.305541e-02,3.409172e-02,3.768363e-02
Bag_188+3,Corel2vs3_data_188,0,8.141010e+00,-1.410876e+00,-2.857347e+00,7.380864e-01,9.879224e-01,6.422159e-01,3.462421e-02,2.580331e-02,4.012919e-02
Bag_189+1,Corel2vs3_data_189,0,5.079967e+00,1.714504e-01,1.336197e+00,9.649719e+00,9.697192e+00,4.804121e+00,1.759160e-01,1.340137e-01,1.004779e-01
Bag_189+2,Corel2vs3_data_189,0,7.985143e+00,-1.525984e+00,-3.049001e+00,8.935202e-01,7.168838e-01,5.093194e-01,4.438182e-02,4.930335e-02,5.226159e-02
Bag_189+3,Corel2vs3_data_189,0,7.684268e+00,3.656107e-01,1.245494e+00,7.453415e+00,5.943944e+00,3.688552e+00,4.316419e-02,2.479766e-02,3.736721e-02
Bag_190+1,Corel2vs3_data_190,0,3.920558e+00,-2.247717e-01,6.419052e-01,8.673221e+00,6.423684e+00,4.078412e+00,3.992600e-01,2.765010e-01,1.745303e-01
Bag_190+2,Corel2vs3_data_190,0,7.111761e+00,-1.911397e+00,-4.349405e+00,7.595206e-01,6.692988e-01,4.537144e-01,1.040121e-02,5.068319e-03,2.942831e-02
Bag_190+3,Corel2vs3_data_190,0,7.673446e+00,5.162582e-01,1.231770e+00,6.155897e+00,5.124361e+00,3.566292e+00,-2.121395e-02,-6.193173e-03,2.642150e-02
Bag_191+1,Corel2vs3_data_191,0,8.350579e+00,1.173476e-01,-4.917293e-01,2.142513e+00,1.745127e+00,1.135773e+00,1.548264e-01,6.728934e-02,4.875566e-02
Bag_191+2,Corel2vs3_data_191,0,5.020036e+00,2.918527e-01,1.268726e+00,6.361685e+00,6.364987e+00,4.071404e+00,9.868900e-03,1.283536e-02,3.338233e-02
Bag_192+1,Corel2vs3_data_192,0,3.881805e+00,-2.464491e-01,7.667592e-01,7.510928e+00,7.758593e+00,4.897696e+00,4.108269e-01,3.504375e-01,2.556579e-01
Bag_192+2,Corel2vs3_data_192,0,6.732066e+00,3.423515e+00,1.916987e+00,3.319979e+00,3.338289e+00,1.754968e+00,2.693297e-02,3.518631e-02,4.899969e-02
Bag_192+3,Corel2vs3_data_192,0,5.866154e+00,4.127271e-02,8.130883e-01,6.541507e+00,5.480165e+00,3.454507e+00,4.180121e-01,2.915512e-01,1.755008e-01
Bag_192+4,Corel2vs3_data_192,0,7.801811e+00,6.256780e-01,7.187125e-01,4.480145e+00,3.813380e+00,2.543425e+00,4.467232e-02,1.960810e-02,3.381803e-02
Bag_193+1,Corel2vs3_data_193,0,8.586252e+00,1.458042e-01,1.261175e-01,2.600897e+00,2.486720e+00,1.139136e+00,3.498871e-02,1.519776e-02,3.199246e-02
Bag_193+2,Corel2vs3_data_193,0,4.902856e+00,4.450679e-01,3.647405e-01,5.640532e+00,6.002765e+00,2.580930e+00,6.566904e-02,4.754743e-02,4.903589e-02
Bag_194+1,Corel2vs3_data_194,0,5.002700e+00,3.622363e-02,4.043724e-01,1.006685e+01,6.703439e+00,3.740103e+00,1.492181e-01,8.009645e-02,5.676781e-02
Bag_194+2,Corel2vs3_data_194,0,7.457944e+00,-1.439541e+00,-3.924662e+00,7.705641e-01,6.306090e-01,3.483857e-01,-1.559157e-02,-6.228981e-03,2.549275e-02
Bag_194+3,Corel2vs3_data_194,0,7.506881e+00,4.166353e-01,5.812002e-01,5.524838e+00,4.461273e+00,2.573935e+00,2.994974e-02,1.217759e-02,3.119864e-02
Bag_195+1,Corel2vs3_data_195,0,4.071049e+00,-1.380268e-02,2.234052e-01,5.927077e+00,7.720627e+00,3.245907e+00,3.060507e-01,1.970198e-01,1.294589e-01
Bag_195+2,Corel2vs3_data_195,0,8.215802e+00,-9.698613e-01,-2.288554e+00,6.061241e-01,6.693320e-01,3.584013e-01,-1.943963e-02,-6.263546e-03,2.612737e-02
Bag_195+3,Corel2vs3_data_195,0,7.436237e+00,2.819615e-01,9.510864e-01,5.331671e+00,5.403936e+00,2.813339e+00,7.202046e-02,5.539071e-02,5.280342e-02
Bag_196+1,Corel2vs3_data_196,0,2.425475e+00,-1.867940e-01,-3.862199e-01,2.382614e+00,2.291559e+00,1.020174e+00,1.054986e-01,6.280059e-02,5.425436e-02
Bag_196+2,Corel2vs3_data_196,0,6.413725e+00,-7.159408e-01,-1.887322e-01,3.862382e+00,3.547377e+00,2.096912e+00,-1.509390e-02,-4.362402e-03,2.684045e-02
Bag_197+1,Corel2vs3_data_197,0,4.974398e+00,4.688327e-02,1.186044e-01,4.757727e+00,5.016304e+00,2.377618e+00,4.884529e-02,3.123883e-02,4.158906e-02
Bag_197+2,Corel2vs3_data_197,0,7.715780e+00,-6.132527e-01,-4.965989e-01,2.208872e+00,2.328759e+00,1.165229e+00,9.451833e-02,4.460383e-02,4.199183e-02
Bag_197+3,Corel2vs3_data_197,0,6.084076e+00,3.016280e+00,1.484094e+00,4.382456e+00,4.344084e+00,1.870096e+00,1.083451e-01,6.505822e-02,5.408160e-02
Bag_198+1,Corel2vs3_data_198,0,2.122755e+00,2.830973e-01,-1.323332e-02,2.285103e+00,3.135540e+00,1.097819e+00,9.624188e-03,1.343817e-02,3.544856e-02
Bag_198+2,Corel2vs3_data_198,0,8.326212e+00,2.596800e-01,7.443309e-01,1.775438e+00,2.348481e+00,7.507340e-01,8.358660e-02,4.165584e-02,4.356078e-02
Bag_198+3,Corel2vs3_data_198,0,6.378963e+00,1.205153e+00,2.573867e+00,2.529508e+00,3.807092e+00,1.126759e+00,1.979132e-01,1.085580e-01,7.048775e-02
Bag_199+1,Corel2vs3_data_199,0,4.731149e+00,-1.272227e-02,1.332510e+00,8.365540e+00,8.986279e+00,4.627664e+00,3.011702e-01,2.198357e-01,1.437035e-01
Bag_199+2,Corel2vs3_data_199,0,7.657106e+00,-1.727167e+00,-3.541252e+00,8.388435e-01,8.331337e-01,4.977509e-01,1.279472e-01,7.189785e-02,5.539102e-02
Bag_199+3,Corel2vs3_data_199,0,7.886856e+00,4.212624e-01,1.096691e+00,6.795732e+00,6.353814e+00,3.447500e+00,7.320762e-04,2.039706e-03,2.846324e-02
Bag_200+1,Corel2vs3_data_200,0,4.387646e+00,-2.100120e-01,7.789636e-01,7.620654e+00,9.290088e+00,4.412007e+00,8.921407e-02,6.256852e-02,5.759946e-02
Bag_200+2,Corel2vs3_data_200,0,8.381580e+00,-1.489030e+00,-1.666135e+00,6.268235e-01,6.199925e-01,4.163628e-01,6.724270e-02,4.335901e-02,4.467805e-02
Bag_200+3,Corel2vs3_data_200,0,7.446239e+00,1.813303e-01,8.778937e-01,7.023298e+00,8.833861e+00,4.126282e+00,5.486855e-02,3.311537e-02,4.140907e-02
